Confusion_Matrix,the X-axis is predict lable, the Y-axis is the ture lable
epoch: 1
loss: 1.3320	 1.2723	 0.0597	 train_acc: 0.5514	 test_acc: 0.7062
Confusion_Matrix
   1049    252      9      0      0      0      0      0      0      0      0      0      0      0      0
    373   5425     62      0      0      0      0      0      0      0      0      0      0      0      0
     16    344    547     18      0      0      0      0      0      0      0      0      0      0      0
      2    213     23   3658      2    201      0      0      0      0      0      0      0      0      0
      0      1      0    274      0    333      0      0      0      0      0      0      0      0      0
      0      1      0    117      0   3574      0      7     23    313      5      0      0      0      0
      0      0      0     25      0    587      0     16     11    421      1      0      0      0      0
      0      0      0      5      0    198      0     22      3    382    207      6     64      1      0
      0      0      0      2      0     79      0      1      1    751    322     17      0      0      0
      0      0      0      0      0     79      0      2      5   3113   1289     36      0      0      0
      0      0      0      0      0     28      0      0      4    944   6376    499     78      0      0
      0      0      0      0      0      0      0      2      3     20    592   1310    279      0      0
      0      0      0      0      0      0      0      0      0      0    245    318   1500     57      0
      0      0      0      0      0      0      0      0      0      0     15      3    411    476    287
      0      0      0      0      0      0      0      0      0      0     21     18    398    547   1473
Class Accuracy
C0: 0.8008
C1: 0.9258
C2: 0.5914
C3: 0.8924
C4: 0.0000
C5: 0.8847
C6: 0.0000
C7: 0.0248
C8: 0.0009
C9: 0.6881
C10: 0.8041
C11: 0.5938
C12: 0.7075
C13: 0.3993
C14: 0.5995
epoch: 2
loss: 0.7179	 0.7090	 0.0089	 train_acc: 0.7339	 test_acc: 0.7095
Confusion_Matrix
   1060    238     12      0      0      0      0      0      0      0      0      0      0      0      0
    427   5068    361      4      0      0      0      0      0      0      0      0      0      0      0
     18     63    820     24      0      0      0      0      0      0      0      0      0      0      0
      0     14     40   3841    112     92      0      0      0      0      0      0      0      0      0
      0      0      1    234     81    292      0      0      0      0      0      0      0      0      0
      0      0      1     45    101   3516    249     21      4    101      2      0      0      0      0
      0      0      0      6      6    632    269      2     12    134      0      0      0      0      0
      0      0      0      0      2    209    180     63     44    187     97     33     51      7     15
      0      0      0      1      1    117    135     22     28    636    190     43      0      0      0
      0      0      0      0      0    105    140     94    161   3129    839     56      0      0      0
      0      0      0      0      0     26     43      8     65   1086   5513   1136     52      0      0
      0      0      0      0      0      0      2      0      2     18    131   1752    290      8      3
      0      0      0      0      0      0      1      1      0      8     30    412   1277    221    170
      0      0      0      0      0      0      0      0      0      0      6     14    146    396    630
      0      0      0      0      0      0      0      0      0     58      6      4     73    469   1847
Class Accuracy
C0: 0.8092
C1: 0.8648
C2: 0.8865
C3: 0.9371
C4: 0.1332
C5: 0.8703
C6: 0.2535
C7: 0.0709
C8: 0.0239
C9: 0.6916
C10: 0.6953
C11: 0.7942
C12: 0.6024
C13: 0.3322
C14: 0.7517
epoch: 3
loss: 0.5354	 0.5293	 0.0061	 train_acc: 0.8006	 test_acc: 0.6952
Confusion_Matrix
    671    619     20      0      0      0      0      0      0      0      0      0      0      0      0
     78   5693     89      0      0      0      0      0      0      0      0      0      0      0      0
      0    109    791     25      0      0      0      0      0      0      0      0      0      0      0
      0     62     13   3949     46     28      1      0      0      0      0      0      0      0      0
      0      1      0    287     96    215      8      1      0      0      0      0      0      0      0
      0      1      0     93    142   3197    289    234     55     18     11      0      0      0      0
      0      0      0     47     18    414    143    211     92    113     21      2      0      0      0
      0      0      0      5      1    105     54    214    126     80    212      4     61      0     26
      0      0      0      7      1     60     64    131    169    287    453      1      0      0      0
      0      0      0      2      0     16     25    203    514   1698   2034     30      2      0      0
      0      0      0     20      0     19      2     47    157    199   6740    311    431      1      2
      0      0      0      0      0      0      0      0      0      0    555    949    653     30     19
      0      0      0      0      0      0      0      0      0      0     31     88   1536    152    313
      0      0      0      0      0      0      0      0      0      0      1      0    140    365    686
      0      0      0      0      0      0      0      0      0      9      0      0     95    482   1871
Class Accuracy
C0: 0.5122
C1: 0.9715
C2: 0.8551
C3: 0.9634
C4: 0.1579
C5: 0.7913
C6: 0.1348
C7: 0.2410
C8: 0.1441
C9: 0.3753
C10: 0.8500
C11: 0.4302
C12: 0.7245
C13: 0.3062
C14: 0.7615
epoch: 4
loss: 0.4224	 0.4166	 0.0058	 train_acc: 0.8440	 test_acc: 0.7052
Confusion_Matrix
    724    570     15      1      0      0      0      0      0      0      0      0      0      0      0
     84   5594    163     19      0      0      0      0      0      0      0      0      0      0      0
      3     91    805     26      0      0      0      0      0      0      0      0      0      0      0
      0     57     10   3658    343     30      1      0      0      0      0      0      0      0      0
      0      0      0    147    199    255      7      0      0      0      0      0      0      0      0
      0      0      0     68    208   3257    350     63     29     63      2      0      0      0      0
      0      0      0     32     26    499    184    123     53    144      0      0      0      0      0
      0      0      0      0      6    107    176    178     27    150    167      6     49      1     21
      0      0      0      1      3    105    114     79    130    545    175     21      0      0      0
      0      0      0      0      0     81    246    172    378   2952    659     36      0      0      0
      0      0      0      1      0     33     40     79    144   1212   5669    661     89      0      1
      0      0      0      0      0      0      4      2      0     26    358   1510    272      8     26
      0      0      0      0      0      0      0      0      0      0    112    329   1354    113    212
      0      0      0      0      0      0      0      0      0      0     11     14    170    185    812
      0      0      0      0      0      0      0      0      0     17      8      5    135    206   2086
Class Accuracy
C0: 0.5527
C1: 0.9546
C2: 0.8703
C3: 0.8924
C4: 0.3273
C5: 0.8062
C6: 0.1734
C7: 0.2005
C8: 0.1108
C9: 0.6525
C10: 0.7150
C11: 0.6845
C12: 0.6387
C13: 0.1552
C14: 0.8490
epoch: 5
loss: 0.3561	 0.3514	 0.0047	 train_acc: 0.8687	 test_acc: 0.7182
Confusion_Matrix
    569    671     68      2      0      0      0      0      0      0      0      0      0      0      0
     64   5672     76     48      0      0      0      0      0      0      0      0      0      0      0
      0    116    778     30      0      1      0      0      0      0      0      0      0      0      0
      0     28      5   3770    238     58      0      0      0      0      0      0      0      0      0
      0      0      0    170    235    201      1      1      0      0      0      0      0      0      0
      0      0      0     46    237   3261    124    139    136     93      4      0      0      0      0
      0      0      0     33     14    572     80    110     73    170      9      0      0      0      0
      0      0      0      4      1    110     76    134     73    205    183     25     57      5     15
      0      0      0      3      1     79     28     88     79    587    300      8      0      0      0
      0      0      0      0      0     35     30    137    212   2968   1103     38      1      0      0
      0      0      0      0      0     11     16     15     78    823   6221    580    172     12      1
      0      0      0      0      0      0      0      0      0      3    458   1354    357     26      8
      0      0      0      0      0      0      0      0      0      0     64    240   1519    127    170
      0      0      0      0      0      0      0      0      0      0      5      6    195    370    616
      0      0      0      0      0      0      0      0      0     13     11      3     69    361   2000
Class Accuracy
C0: 0.4344
C1: 0.9679
C2: 0.8411
C3: 0.9197
C4: 0.3865
C5: 0.8072
C6: 0.0754
C7: 0.1509
C8: 0.0673
C9: 0.6561
C10: 0.7846
C11: 0.6138
C12: 0.7165
C13: 0.3104
C14: 0.8140
epoch: 6
loss: 0.3058	 0.3021	 0.0037	 train_acc: 0.8873	 test_acc: 0.6997
Confusion_Matrix
    977    314     19      0      0      0      0      0      0      0      0      0      0      0      0
    284   5523     41     12      0      0      0      0      0      0      0      0      0      0      0
      8    184    679     54      0      0      0      0      0      0      0      0      0      0      0
      0     21      4   3950     78     46      0      0      0      0      0      0      0      0      0
      0      0      0    253    154    196      5      0      0      0      0      0      0      0      0
      0      0      0     73    291   3097    347    110     25     92      5      0      0      0      0
      0      0      0     40     25    417    237    151     29    149     13      0      0      0      0
      0      0      0      3      6     95    105    134     80    104    277     10     54     19      1
      0      0      0      1      4     90     63    158    114    413    322      6      2      0      0
      0      0      0      0      0     72     33    341    335   2209   1491     37      6      0      0
      0      0      0      0      1     49      8     76    120    696   6062    595    322      0      0
      0      0      0      0      0      0      0      0      0      1    355   1316    530      4      0
      0      0      0      0      0      0      0      0      0      0     51    152   1758    125     34
      0      0      0      0      0      0      0      0      0      0      5      6    313    448    420
      0      0      0      0      0      0      0      0      0      1      8      2    210    631   1605
Class Accuracy
C0: 0.7458
C1: 0.9425
C2: 0.7341
C3: 0.9636
C4: 0.2533
C5: 0.7666
C6: 0.2234
C7: 0.1509
C8: 0.0972
C9: 0.4883
C10: 0.7645
C11: 0.5966
C12: 0.8292
C13: 0.3758
C14: 0.6532
epoch: 7
loss: 0.2738	 0.2696	 0.0042	 train_acc: 0.9002	 test_acc: 0.7051
Confusion_Matrix
    872    389     49      0      0      0      0      0      0      0      0      0      0      0      0
    180   5544    102     34      0      0      0      0      0      0      0      0      0      0      0
      1     72    824     28      0      0      0      0      0      0      0      0      0      0      0
      0     69     13   3938     42     37      0      0      0      0      0      0      0      0      0
      0      0      0    355     50    195      8      0      0      0      0      0      0      0      0
      0      1      0    150    174   3170    399     31     45     62      8      0      0      0      0
      0      0      0     46     19    490    207    124     41    128      6      0      0      0      0
      0      0      0      4      0    120    133    107     69    163    201     12     69      8      2
      0      0      0      6      1    104    110     41    135    482    243     51      0      0      0
      0      0      0      2      0     80     90    129    342   2764   1089     28      0      0      0
      0      0      0     13      0     43     41     27    120    965   5816    620    284      0      0
      0      0      0      0      0      0      0      0      0      8    353   1420    422      3      0
      0      0      0      0      0      0      0      0      0      0     57    232   1738     79     14
      0      0      0      0      0      0      0      0      0      0      7     11    369    382    423
      0      0      0      0      0      0      0      0      0      9     22      9    350    555   1512
Class Accuracy
C0: 0.6656
C1: 0.9461
C2: 0.8908
C3: 0.9607
C4: 0.0822
C5: 0.7847
C6: 0.1951
C7: 0.1205
C8: 0.1151
C9: 0.6110
C10: 0.7335
C11: 0.6437
C12: 0.8198
C13: 0.3205
C14: 0.6154
epoch: 8
loss: 0.2453	 0.2415	 0.0037	 train_acc: 0.9095	 test_acc: 0.6947
Confusion_Matrix
    884    387     39      0      0      0      0      0      0      0      0      0      0      0      0
    205   5444    193     18      0      0      0      0      0      0      0      0      0      0      0
      3     54    837     31      0      0      0      0      0      0      0      0      0      0      0
      0     26     16   3934     50     73      0      0      0      0      0      0      0      0      0
      0      0      0    246     62    297      3      0      0      0      0      0      0      0      0
      0      0      0    115     34   3443     82    236     84     46      0      0      0      0      0
      0      0      0     33      6    498     25    264    114    121      0      0      0      0      0
      0      0      0      4      0    110     28    235    153    147    133      0     52     26      0
      0      0      0      2      0    114     26    135    220    472    157     47      0      0      0
      0      0      0      0      0     88      6    192    735   2734    738     31      0      0      0
      0      0      0      3      0     52      0     33    201   1291   5392    629    272     56      0
      0      0      0      0      0      0      0      0     13      1    336   1378    444     32      2
      0      0      0      0      0      0      0      0      0      1     38    197   1401    427     56
      0      0      0      0      0      0      0      0      0      0      8      6    163    595    420
      0      0      0      0      0      0      0      0      0      0     26      4     51    901   1475
Class Accuracy
C0: 0.6748
C1: 0.9290
C2: 0.9049
C3: 0.9597
C4: 0.1020
C5: 0.8522
C6: 0.0236
C7: 0.2646
C8: 0.1876
C9: 0.6043
C10: 0.6800
C11: 0.6247
C12: 0.6608
C13: 0.4992
C14: 0.6003
epoch: 9
loss: 0.2199	 0.2169	 0.0030	 train_acc: 0.9188	 test_acc: 0.6871
Confusion_Matrix
    926    356     28      0      0      0      0      0      0      0      0      0      0      0      0
    274   5414    151     21      0      0      0      0      0      0      0      0      0      0      0
      7     84    811     23      0      0      0      0      0      0      0      0      0      0      0
      0     58     16   3840    173     11      1      0      0      0      0      0      0      0      0
      0      0      0    259    202    103     43      1      0      0      0      0      0      0      0
      0      0      0    142    411   2316    796    205     15    105     36     14      0      0      0
      0      0      0     47     22    365    233    195     23    150     25      1      0      0      0
      0      0      0      7      0     62    132    148     50    118    264     25     63     13      6
      0      0      0      5      5     46    117    124    151    395    278     52      0      0      0
      0      0      0      1      2     58    101    206    218   2588   1305     45      0      0      0
      0      0      0     18      2     52     23     76    101    759   5860    820    218      0      0
      0      0      0      0      0      0      0      0      0      0    318   1602    273     13      0
      0      0      0      0      0      0      0      0      0      0     59    406   1453     76    126
      0      0      0      0      0      0      0      0      0      0      7     14    248    393    530
      0      0      0      0      0      0      0      0      0      0     14      6    184    438   1815
Class Accuracy
C0: 0.7069
C1: 0.9239
C2: 0.8768
C3: 0.9368
C4: 0.3322
C5: 0.5733
C6: 0.2196
C7: 0.1667
C8: 0.1287
C9: 0.5721
C10: 0.7391
C11: 0.7262
C12: 0.6854
C13: 0.3297
C14: 0.7387
epoch: 10
loss: 0.2026	 0.1995	 0.0031	 train_acc: 0.9261	 test_acc: 0.6969
Confusion_Matrix
   1002    262     45      1      0      0      0      0      0      0      0      0      0      0      0
    347   5289    165     59      0      0      0      0      0      0      0      0      0      0      0
      9     71    805     40      0      0      0      0      0      0      0      0      0      0      0
      0     10      3   3774     98    212      2      0      0      0      0      0      0      0      0
      0      1      0    173     44    340     48      2      0      0      0      0      0      0      0
      0      0      0     99     52   3117    413    233     45     70     10      1      0      0      0
      0      0      0     45      4    370    152    256     74    159      1      0      0      0      0
      0      0      0      4      0     85     70    215     77    157    174     24     60      1     21
      0      0      0      4      0     86     37    129    147    485    245     40      0      0      0
      0      0      0      0      0     68     60    222    318   2649   1169     38      0      0      0
      0      0      0      5      0     60      7    103    100    973   5700    719    201     61      0
      0      0      0      0      0      0      0      0      0      0    410   1425    347     23      1
      0      0      0      0      0      0      0      0      0      0     52    264   1483    134    187
      0      0      0      0      0      0      0      0      0      0      9      9    214    265    695
      0      0      0      0      0      0      0      0      0     10     18      5    150    193   2081
Class Accuracy
C0: 0.7649
C1: 0.9026
C2: 0.8703
C3: 0.9207
C4: 0.0724
C5: 0.7715
C6: 0.1433
C7: 0.2421
C8: 0.1253
C9: 0.5855
C10: 0.7189
C11: 0.6460
C12: 0.6995
C13: 0.2223
C14: 0.8470
epoch: 11
loss: 0.1865	 0.1836	 0.0029	 train_acc: 0.9321	 test_acc: 0.7047
Confusion_Matrix
    989    311      9      1      0      0      0      0      0      0      0      0      0      0      0
    239   5571     28     22      0      0      0      0      0      0      0      0      0      0      0
      6    244    630     45      0      0      0      0      0      0      0      0      0      0      0
      0     26      2   3915     85     71      0      0      0      0      0      0      0      0      0
      0      0      0    280     74    207     43      4      0      0      0      0      0      0      0
      0      0      0     61     55   3477    218    117     53     47     12      0      0      0      0
      0      0      0     46      0    503     72    260     68    111      1      0      0      0      0
      0      0      0      4      0    128     77    184    135    131    143      4     61      0     21
      0      0      0      4      0    125     29    150    229    356    259     21      0      0      0
      0      0      0      1      0    110     46    338    480   2438   1093     18      0      0      0
      0      0      0      6      0     28     46    118    201    869   5767    550    330     14      0
      0      0      0      0      0      0      0      0      3     11    499   1222    455     14      2
      0      0      0      0      0      0      0      0      0      0     64    181   1625     90    160
      0      0      0      0      0      0      0      0      0      0      8      3    258    288    635
      0      0      0      0      0      0      0      0      0      0     10      1    174    287   1985
Class Accuracy
C0: 0.7550
C1: 0.9507
C2: 0.6811
C3: 0.9551
C4: 0.1217
C5: 0.8606
C6: 0.0679
C7: 0.2072
C8: 0.1952
C9: 0.5389
C10: 0.7273
C11: 0.5539
C12: 0.7665
C13: 0.2416
C14: 0.8079
epoch: 12
loss: 0.1719	 0.1689	 0.0029	 train_acc: 0.9375	 test_acc: 0.6980
Confusion_Matrix
    865    419     26      0      0      0      0      0      0      0      0      0      0      0      0
    210   5533    112      5      0      0      0      0      0      0      0      0      0      0      0
      1     79    820     24      0      1      0      0      0      0      0      0      0      0      0
      0     28     20   3885    143     22      1      0      0      0      0      0      0      0      0
      0      0      0    286    110    170     41      1      0      0      0      0      0      0      0
      0      0      0     59    201   3127    339    239     27     48      0      0      0      0      0
      0      0      0     40     19    435    131    248     51    137      0      0      0      0      0
      0      0      0      5      0    105     79    176    151    100    182      8     63      6     13
      0      0      0     12      3     83     68    168    173    379    272     15      0      0      0
      0      0      0      1      0    102     68    348    451   2328   1195     31      0      0      0
      0      0      0      8      3     65      7    126    181    746   5865    541    384      3      0
      0      0      0      0      0      0      1      0      1      4    397   1314    477      8      4
      0      0      0      0      0      0      0      0      0      0     60    236   1648     81     95
      0      0      0      0      0      0      0      0      0      0      4      2    327    357    502
      0      0      0      0      0      0      0      0      0      0     15      1    237    342   1862
Class Accuracy
C0: 0.6603
C1: 0.9442
C2: 0.8865
C3: 0.9478
C4: 0.1809
C5: 0.7740
C6: 0.1235
C7: 0.1982
C8: 0.1475
C9: 0.5146
C10: 0.7397
C11: 0.5956
C12: 0.7774
C13: 0.2995
C14: 0.7578
epoch: 13
loss: 0.1537	 0.1511	 0.0026	 train_acc: 0.9438	 test_acc: 0.6984
Confusion_Matrix
   1003    291     16      0      0      0      0      0      0      0      0      0      0      0      0
    305   5503     44      8      0      0      0      0      0      0      0      0      0      0      0
     13    148    741     23      0      0      0      0      0      0      0      0      0      0      0
      0     76     20   3850    111     39      1      1      1      0      0      0      0      0      0
      0      0      0    248    168    147     42      3      0      0      0      0      0      0      0
      0      0      0     73    261   3030    365    218     27     63      2      1      0      0      0
      0      0      0     39     10    386     91    371     69     94      1      0      0      0      0
      0      0      0      6      0     98     62    244    129    125    128     24     50     13      9
      0      0      0      3      0     94     46    210    205    377    203     35      0      0      0
      0      0      0      0      0     28     40    439    518   2412   1061     26      0      0      0
      0      0      0      2      1     16      2    124    229    855   5688    810    134     66      2
      0      0      0      0      0      0      0      0      2      3    283   1548    342     27      1
      0      0      0      0      0      0      0      0      0      1     85    305   1360    266    103
      0      0      0      0      0      0      0      0      0      0     12     11    202    460    507
      0      0      0      0      0      0      0      0      0      0     33      7    130    379   1908
Class Accuracy
C0: 0.7656
C1: 0.9391
C2: 0.8011
C3: 0.9393
C4: 0.2763
C5: 0.7500
C6: 0.0858
C7: 0.2748
C8: 0.1748
C9: 0.5332
C10: 0.7174
C11: 0.7017
C12: 0.6415
C13: 0.3859
C14: 0.7766
epoch: 14
loss: 0.1469	 0.1443	 0.0026	 train_acc: 0.9457	 test_acc: 0.6999
Confusion_Matrix
    863    436     11      0      0      0      0      0      0      0      0      0      0      0      0
    192   5593     67      8      0      0      0      0      0      0      0      0      0      0      0
      1    117    788     19      0      0      0      0      0      0      0      0      0      0      0
      0     78     37   3678    238     65      3      0      0      0      0      0      0      0      0
      0      0      0    186    196    193     29      4      0      0      0      0      0      0      0
      0      0      0     74    232   2953    455    200      9    112      5      0      0      0      0
      0      0      0     41     13    391    188    250     52    119      7      0      0      0      0
      0      0      0      7      0     79    129    109    104    135    222     29     52     21      1
      0      0      0      8      0     92     68    118    139    426    263     59      0      0      0
      0      0      0      0      0    108    100    211    314   2413   1344     34      0      0      0
      0      0      0      2      3     19     20     48     67    766   6091    690    220      3      0
      0      0      0      0      0      0      0      0      1     14    369   1496    311     14      1
      0      0      0      0      0      0      0      0      0      0     56    318   1482    167     97
      0      0      0      0      0      0      0      0      0      0      7      9    225    376    575
      0      0      0      0      0      0      0      0      0      4     16      3    129    399   1906
Class Accuracy
C0: 0.6588
C1: 0.9544
C2: 0.8519
C3: 0.8973
C4: 0.3224
C5: 0.7309
C6: 0.1772
C7: 0.1227
C8: 0.1185
C9: 0.5334
C10: 0.7682
C11: 0.6782
C12: 0.6991
C13: 0.3154
C14: 0.7757
epoch: 15
loss: 0.1343	 0.1318	 0.0025	 train_acc: 0.9510	 test_acc: 0.6943
Confusion_Matrix
   1110    190      9      1      0      0      0      0      0      0      0      0      0      0      0
    459   5317     82      2      0      0      0      0      0      0      0      0      0      0      0
     17    121    760     26      0      1      0      0      0      0      0      0      0      0      0
      0     68     13   3626    244    147      1      0      0      0      0      0      0      0      0
      0      0      0    186    193    189     39      1      0      0      0      0      0      0      0
      0      0      0     61    135   3138    357    141     92    111      0      5      0      0      0
      0      0      0     39     13    407    164    191     99    146      2      0      0      0      0
      0      0      0      4      0    116    129     92    146    167    143      6     49     36      0
      0      0      0      3      0    115     57     98    211    446    179     63      1      0      0
      0      0      0      0      0    116     73    193    393   2737    978     34      0      0      0
      0      0      0      1      0     62     54     96    168    894   5487    732    357     67     11
      0      0      0      0      0      0      0      1      3      5    244   1540    362     48      3
      0      0      0      0      0      0      0      0      0      2     28    217   1312    451    110
      0      0      0      0      0      0      0      0      0      0      6      3    110    536    537
      0      0      0      0      0      0      0      0      0      1      9      2     57    568   1820
Class Accuracy
C0: 0.8473
C1: 0.9073
C2: 0.8216
C3: 0.8846
C4: 0.3174
C5: 0.7767
C6: 0.1546
C7: 0.1036
C8: 0.1799
C9: 0.6050
C10: 0.6920
C11: 0.6981
C12: 0.6189
C13: 0.4497
C14: 0.7407
epoch: 16
loss: 0.1236	 0.1216	 0.0021	 train_acc: 0.9547	 test_acc: 0.7038
Confusion_Matrix
   1024    246     40      0      0      0      0      0      0      0      0      0      0      0      0
    322   5314    189     35      0      0      0      0      0      0      0      0      0      0      0
      4     61    828     32      0      0      0      0      0      0      0      0      0      0      0
      0     19     23   3922     98     36      1      0      0      0      0      0      0      0      0
      0      0      0    246    152    202      7      1      0      0      0      0      0      0      0
      0      0      0     98    149   3078    279    274     38    114      0      7      0      0      3
      0      0      0     43      9    432     77    314     45    130     11      0      0      0      0
      0      0      0      4      2     93     57    146     88    201    195     15     68      8     11
      0      0      0      5      0    109     39    157    127    423    274     39      0      0      0
      0      0      0      0      0     66     65    299    273   2706   1076     37      2      0      0
      0      0      0      2      0     67     13     88    123    914   5590    773    358      1      0
      0      0      0      0      0      0      0      0      0      1    270   1496    432      7      0
      0      0      0      0      0      0      0      0      0      0     25    233   1671     85    106
      0      0      0      0      0      0      0      0      0      0      4      4    288    369    527
      0      0      0      0      0      0      0      0      0      1     15      3    183    328   1927
Class Accuracy
C0: 0.7817
C1: 0.9068
C2: 0.8951
C3: 0.9568
C4: 0.2500
C5: 0.7619
C6: 0.0726
C7: 0.1644
C8: 0.1083
C9: 0.5981
C10: 0.7050
C11: 0.6782
C12: 0.7882
C13: 0.3096
C14: 0.7843
epoch: 17
loss: 0.1148	 0.1131	 0.0017	 train_acc: 0.9573	 test_acc: 0.6997
Confusion_Matrix
    991    296     23      0      0      0      0      0      0      0      0      0      0      0      0
    261   5492    104      3      0      0      0      0      0      0      0      0      0      0      0
      7     85    804     28      0      1      0      0      0      0      0      0      0      0      0
      0     32      6   3839    160     61      1      0      0      0      0      0      0      0      0
      0      0      0    222    190    193      3      0      0      0      0      0      0      0      0
      0      0      0     39    224   3182    242    256      7     89      1      0      0      0      0
      0      0      0     36     18    491     71    285     31    129      0      0      0      0      0
      0      0      0      4      3    125     66    180     58    240    113     20     72      3      4
      0      0      0      0      1    106     57    215     93    520    151     30      0      0      0
      0      0      0      0      1     76     45    447    222   2955    741     37      0      0      0
      0      0      0      0      0     74     11    130    113   1258   5335    650    319     39      0
      0      0      0      0      0      2      0      0      5     54    331   1324    474     16      0
      0      0      0      0      0      2      0      0      0      8     58    220   1652    120     60
      0      0      0      0      0      0      0      0      0      0      6      2    324    357    503
      0      0      0      0      0      0      0      0      0      0     16      6    191    447   1797
Class Accuracy
C0: 0.7565
C1: 0.9372
C2: 0.8692
C3: 0.9366
C4: 0.3125
C5: 0.7876
C6: 0.0669
C7: 0.2027
C8: 0.0793
C9: 0.6532
C10: 0.6728
C11: 0.6002
C12: 0.7792
C13: 0.2995
C14: 0.7314
epoch: 18
loss: 0.1054	 0.1036	 0.0018	 train_acc: 0.9611	 test_acc: 0.6936
Confusion_Matrix
   1001    291     18      0      0      0      0      0      0      0      0      0      0      0      0
    275   5547     38      0      0      0      0      0      0      0      0      0      0      0      0
      6    209    679     30      0      1      0      0      0      0      0      0      0      0      0
      0     57      4   3865    134     39      0      0      0      0      0      0      0      0      0
      0      1      0    247    114    207     33      5      1      0      0      0      0      0      0
      0      0      0     96    189   2837    331    372     81    108     19      7      0      0      0
      0      0      0     44      4    367     97    272    105    166      6      0      0      0      0
      0      0      0      5      0     69     45    123    109    206    230     17     64     20      0
      0      0      0      7      0     76     32     99    128    482    311     38      0      0      0
      0      0      0      0      1     73     19    164    216   2407   1619     25      0      0      0
      0      0      0      1      0     12      9     69     87    576   6104    729    315     27      0
      0      0      0      0      0      0      0      0      0      1    259   1445    486     15      0
      0      0      0      0      0      0      0      0      0      0     27    203   1560    257     73
      0      0      0      0      0      0      0      0      0      0      4      6    230    496    456
      0      0      0      0      0      0      0      0      0      0     14      0    162    670   1611
Class Accuracy
C0: 0.7641
C1: 0.9466
C2: 0.7341
C3: 0.9429
C4: 0.1875
C5: 0.7022
C6: 0.0914
C7: 0.1385
C8: 0.1091
C9: 0.5321
C10: 0.7698
C11: 0.6550
C12: 0.7358
C13: 0.4161
C14: 0.6557
epoch: 19
loss: 0.0984	 0.0968	 0.0016	 train_acc: 0.9637	 test_acc: 0.7015
Confusion_Matrix
    901    387     21      1      0      0      0      0      0      0      0      0      0      0      0
    212   5599     49      0      0      0      0      0      0      0      0      0      0      0      0
      1    182    712     29      0      1      0      0      0      0      0      0      0      0      0
      0     55     18   3715    226     85      0      0      0      0      0      0      0      0      0
      0      1      0    222    147    195     43      0      0      0      0      0      0      0      0
      0      1      0     64    157   3185    402     88     55     70     14      4      0      0      0
      0      0      0     27     20    449    199    135    107    124      0      0      0      0      0
      0      0      0      4      1    106    112    110    149    129    194      6     64     13      0
      0      0      0      4      3    123     58     93    225    365    291     11      0      0      0
      0      0      0      0      0     87     81    151    561   2288   1329     26      1      0      0
      0      0      0      2      0      4     11     57    174    784   6163    521    204      9      0
      0      0      0      0      0      0      0      0      5      7    535   1307    337     15      0
      0      0      0      0      0      0      0      0      0      0    129    255   1517    111    108
      0      0      0      0      0      0      0      0      0      0      8      4    279    366    535
      0      0      0      0      0      0      0      0      0      0     22      4    165    367   1899
Class Accuracy
C0: 0.6878
C1: 0.9555
C2: 0.7697
C3: 0.9063
C4: 0.2418
C5: 0.7884
C6: 0.1876
C7: 0.1239
C8: 0.1918
C9: 0.5057
C10: 0.7773
C11: 0.5925
C12: 0.7156
C13: 0.3070
C14: 0.7729
epoch: 20
loss: 0.0906	 0.0893	 0.0013	 train_acc: 0.9661	 test_acc: 0.6901
Confusion_Matrix
    940    330     40      0      0      0      0      0      0      0      0      0      0      0      0
    231   5498    125      6      0      0      0      0      0      0      0      0      0      0      0
      1     82    810     32      0      0      0      0      0      0      0      0      0      0      0
      0     17     36   3850    159     36      1      0      0      0      0      0      0      0      0
      0      0      0    271    131    150     56      0      0      0      0      0      0      0      0
      0      0      0     90    175   2526    810    279     45     86     29      0      0      0      0
      0      0      0     25     25    381    193    228    102    100      7      0      0      0      0
      0      0      0      4      3     72    104    160    106    163    184     11     74      6      1
      0      0      0      1      3     70     78    140    183    417    236     45      0      0      0
      0      0      0      0      0     50     83    253    435   2475   1198     30      0      0      0
      0      0      0      2      1      9     14     83    191    921   5970    444    246     48      0
      0      0      0      0      0      0      0      0      3      8    395   1320    457     23      0
      0      0      0      0      0      0      0      0      0      0     60    197   1617    208     38
      0      0      0      0      0      0      0      0      0      0      7      1    283    450    451
      0      0      0      0      0      0      0      0      0      0     11      0    128    565   1753
Class Accuracy
C0: 0.7176
C1: 0.9382
C2: 0.8757
C3: 0.9393
C4: 0.2155
C5: 0.6252
C6: 0.1819
C7: 0.1802
C8: 0.1560
C9: 0.5471
C10: 0.7529
C11: 0.5984
C12: 0.7627
C13: 0.3775
C14: 0.7135
epoch: 21
loss: 0.0835	 0.0822	 0.0013	 train_acc: 0.9692	 test_acc: 0.6944
Confusion_Matrix
   1103    194     13      0      0      0      0      0      0      0      0      0      0      0      0
    439   5315    106      0      0      0      0      0      0      0      0      0      0      0      0
      6     82    819     18      0      0      0      0      0      0      0      0      0      0      0
      0     67     43   3828    138     22      1      0      0      0      0      0      0      0      0
      0      0      0    271    186    134     17      0      0      0      0      0      0      0      0
      0      0      0     85    305   2993    439    123     25     58      1     11      0      0      0
      0      0      0     65     14    409    208    190     64    111      0      0      0      0      0
      0      0      0      3      5    120    136     81     96    172    181     12     62     20      0
      0      0      0      1     10    117     86    144    170    367    214     64      0      0      0
      0      0      0      0      7    118    193    303    510   2267   1091     33      2      0      0
      0      0      0      1      1      3     45     71    184    838   5720    683    328     55      0
      0      0      0      0      0      0      0      0      3      8    248   1474    448     23      2
      0      0      0      0      0      0      0      0      0      0     30    191   1562    242     95
      0      0      0      0      0      0      0      0      0      0      4      2    209    450    527
      0      0      0      0      0      0      0      0      0      0      9      5    136    436   1871
Class Accuracy
C0: 0.8420
C1: 0.9070
C2: 0.8854
C3: 0.9339
C4: 0.3059
C5: 0.7408
C6: 0.1960
C7: 0.0912
C8: 0.1449
C9: 0.5011
C10: 0.7214
C11: 0.6682
C12: 0.7368
C13: 0.3775
C14: 0.7615
epoch: 22
loss: 0.0777	 0.0765	 0.0012	 train_acc: 0.9711	 test_acc: 0.7013
Confusion_Matrix
   1048    249     13      0      0      0      0      0      0      0      0      0      0      0      0
    340   5450     66      4      0      0      0      0      0      0      0      0      0      0      0
      5    113    769     38      0      0      0      0      0      0      0      0      0      0      0
      0     32      7   3859    152     49      0      0      0      0      0      0      0      0      0
      0      0      0    233    127    211     34      3      0      0      0      0      0      0      0
      0      0      0     89    120   3032    473    225      7     79     11      4      0      0      0
      0      0      0     44      4    386    148    320     42     98     19      0      0      0      0
      0      0      0      4      0     97    102    151     64    150    228     11     59     20      2
      0      0      0      2      0    103     65    153     90    424    282     54      0      0      0
      0      0      0      0      5     72     62    323    212   2476   1338     34      2      0      0
      0      0      0      6      0     18     18     87     46    887   5977    560    306     24      0
      0      0      0      0      0      0      0      0      0      2    463   1292    433     14      2
      0      0      0      0      0      0      0      0      0      0     61    189   1508    214    148
      0      0      0      0      0      0      0      0      0      0      4      4    198    413    573
      0      0      0      0      0      0      0      0      0      0     15      0     88    366   1988
Class Accuracy
C0: 0.8000
C1: 0.9300
C2: 0.8314
C3: 0.9414
C4: 0.2089
C5: 0.7505
C6: 0.1395
C7: 0.1700
C8: 0.0767
C9: 0.5473
C10: 0.7538
C11: 0.5857
C12: 0.7113
C13: 0.3465
C14: 0.8091
epoch: 23
loss: 0.0727	 0.0717	 0.0010	 train_acc: 0.9730	 test_acc: 0.7028
Confusion_Matrix
   1012    262     35      1      0      0      0      0      0      0      0      0      0      0      0
    284   5392    169     15      0      0      0      0      0      0      0      0      0      0      0
      0     68    826     31      0      0      0      0      0      0      0      0      0      0      0
      0     11     39   3901    113     35      0      0      0      0      0      0      0      0      0
      0      0      0    258    140    169     40      1      0      0      0      0      0      0      0
      0      0      0     80    175   3223    141    320     42     50      9      0      0      0      0
      0      0      0     48      6    444     68    325     77     90      3      0      0      0      0
      0      0      0      4      3    114     59    159    132    141    184      9     68     15      0
      0      0      0      7      3    106     35    223    170    385    176     68      0      0      0
      0      0      0      0      4     76     38    400    387   2511   1073     35      0      0      0
      0      0      0      0      0      2      6    152    109   1016   5668    667    278     31      0
      0      0      0      0      0      0      0      0      2      4    348   1474    364     13      1
      0      0      0      0      0      0      0      0      0      0     37    280   1484    196    123
      0      0      0      0      0      0      0      0      0      0      4      9    219    389    571
      0      0      0      0      0      0      0      0      0      0     16      1    118    350   1972
Class Accuracy
C0: 0.7725
C1: 0.9201
C2: 0.8930
C3: 0.9517
C4: 0.2303
C5: 0.7978
C6: 0.0641
C7: 0.1791
C8: 0.1449
C9: 0.5550
C10: 0.7148
C11: 0.6682
C12: 0.7000
C13: 0.3263
C14: 0.8026
epoch: 24
loss: 0.0682	 0.0672	 0.0010	 train_acc: 0.9740	 test_acc: 0.6844
Confusion_Matrix
    862    396     50      2      0      0      0      0      0      0      0      0      0      0      0
    190   5533    119     18      0      0      0      0      0      0      0      0      0      0      0
      1     96    781     46      0      1      0      0      0      0      0      0      0      0      0
      1     25      6   3824    125    118      0      0      0      0      0      0      0      0      0
      0      0      0    208    118    222     56      4      0      0      0      0      0      0      0
      0      0      0     72     92   2793    557    367     29     91     31      8      0      0      0
      0      0      0     43      3    343    209    298     41    121      3      0      0      0      0
      0      0      0      5      1     62    111    199    102    115    202      5     79      7      0
      0      0      0      1      0     73     55    234    111    385    291     22      1      0      0
      0      0      0      0      0     28    108    466    250   2289   1351     32      0      0      0
      0      0      0      5      0     10      2    162     66    786   5749    594    533     22      0
      0      0      0      0      0      0      0      0      3      9    278   1290    613     13      0
      0      0      0      0      0      0      0      0      0      0     23    159   1700    170     68
      0      0      0      0      0      0      0      0      0      0      4      2    278    440    468
      0      0      0      0      0      0      0      0      0      0     13      0    177    521   1746
Class Accuracy
C0: 0.6580
C1: 0.9442
C2: 0.8443
C3: 0.9329
C4: 0.1941
C5: 0.6913
C6: 0.1970
C7: 0.2241
C8: 0.0946
C9: 0.5060
C10: 0.7251
C11: 0.5848
C12: 0.8019
C13: 0.3691
C14: 0.7106
epoch: 25
loss: 0.0630	 0.0622	 0.0009	 train_acc: 0.9764	 test_acc: 0.7034
Confusion_Matrix
    898    359     52      1      0      0      0      0      0      0      0      0      0      0      0
    180   5520     98     62      0      0      0      0      0      0      0      0      0      0      0
      2     76    782     65      0      0      0      0      0      0      0      0      0      0      0
      0      4      0   3879    162     54      0      0      0      0      0      0      0      0      0
      0      0      0    219    169    175     44      1      0      0      0      0      0      0      0
      0      0      0     64    128   3071    290    315     37    126      9      0      0      0      0
      0      0      0     46      1    389    150    266     80    129      0      0      0      0      0
      0      0      0      5      2    100     92    106    100    198    192     10     62     21      0
      0      0      0      2      0    104     47    145    148    459    241     27      0      0      0
      0      0      0      0      0     45     43    300    198   2826   1075     35      2      0      0
      0      0      0      2      0      6      7     91     58   1059   5748    619    303     36      0
      0      0      0      0      0      0      1      0      1     21    326   1374    464     19      0
      0      0      0      0      0      0      0      0      0      0     47    226   1464    319     64
      0      0      0      0      0      0      0      0      0      0      4      8    193    488    499
      0      0      0      0      0      0      0      0      0      2     18      0     85    564   1788
Class Accuracy
C0: 0.6855
C1: 0.9420
C2: 0.8454
C3: 0.9463
C4: 0.2780
C5: 0.7601
C6: 0.1414
C7: 0.1194
C8: 0.1262
C9: 0.6247
C10: 0.7249
C11: 0.6228
C12: 0.6906
C13: 0.4094
C14: 0.7277
epoch: 26
loss: 0.0592	 0.0585	 0.0008	 train_acc: 0.9777	 test_acc: 0.6958
Confusion_Matrix
   1021    257     32      0      0      0      0      0      0      0      0      0      0      0      0
    293   5491     74      2      0      0      0      0      0      0      0      0      0      0      0
      2    104    789     30      0      0      0      0      0      0      0      0      0      0      0
      1     74     20   3694    239     71      0      0      0      0      0      0      0      0      0
      0      0      0    217    153    232      5      1      0      0      0      0      0      0      0
      0      0      0     67    180   3139    320    196     49     83      5      1      0      0      0
      0      0      0     50      4    436    155    223     84    109      0      0      0      0      0
      0      0      0      5      2    117    110    115    134    156    158      6     64     21      0
      0      0      0      2      1    120     59    118    194    332    329     18      0      0      0
      0      0      0      0      2     92     81    380    349   2282   1304     32      2      0      0
      0      0      0      2      1      4      8     74    178    845   5959    580    252     26      0
      0      0      0      0      0      0      1      0      2      0    411   1333    444     15      0
      0      0      0      0      0      0      0      0      0      0     73    205   1541    240     61
      0      0      0      0      0      0      0      0      0      0      4      4    225    456    503
      0      0      0      0      0      0      0      0      0      0     17      4    134    519   1783
Class Accuracy
C0: 0.7794
C1: 0.9370
C2: 0.8530
C3: 0.9012
C4: 0.2516
C5: 0.7770
C6: 0.1461
C7: 0.1295
C8: 0.1654
C9: 0.5044
C10: 0.7515
C11: 0.6043
C12: 0.7269
C13: 0.3826
C14: 0.7257
epoch: 27
loss: 0.0567	 0.0559	 0.0008	 train_acc: 0.9791	 test_acc: 0.6969
Confusion_Matrix
   1019    251     40      0      0      0      0      0      0      0      0      0      0      0      0
    330   5412    114      4      0      0      0      0      0      0      0      0      0      0      0
      3     85    798     39      0      0      0      0      0      0      0      0      0      0      0
      0     44     13   3749    239     54      0      0      0      0      0      0      0      0      0
      0      0      0    189    209    182     26      2      0      0      0      0      0      0      0
      0      0      0     55    219   3203    242    161     51    104      5      0      0      0      0
      0      0      0     45      6    455    113    211    100    130      1      0      0      0      0
      0      0      0      3      3    123     81     93     93    208    192     12     68     12      0
      0      0      0      4      2    132     28    123    141    432    278     33      0      0      0
      0      0      0      1      1     90     35    327    269   2640   1126     34      1      0      0
      0      0      0      5      5     56      4     48    124   1039   5580    825    227     16      0
      0      0      0      0      0      0      0      0      2      5    324   1493    369     13      0
      0      0      0      0      0      0      0      0      0      0     62    284   1607    141     26
      0      0      0      0      0      0      0      0      0      0      4      4    313    444    427
      0      0      0      0      0      0      0      0      0      0     20      3    203    581   1650
Class Accuracy
C0: 0.7779
C1: 0.9235
C2: 0.8627
C3: 0.9146
C4: 0.3438
C5: 0.7928
C6: 0.1065
C7: 0.1047
C8: 0.1202
C9: 0.5836
C10: 0.7037
C11: 0.6768
C12: 0.7580
C13: 0.3725
C14: 0.6716
epoch: 28
loss: 0.0526	 0.0520	 0.0006	 train_acc: 0.9806	 test_acc: 0.6986
Confusion_Matrix
    988    293     28      1      0      0      0      0      0      0      0      0      0      0      0
    282   5488     86      4      0      0      0      0      0      0      0      0      0      0      0
      4    107    775     38      0      1      0      0      0      0      0      0      0      0      0
      0     33      6   3938     74     48      0      0      0      0      0      0      0      0      0
      0      0      0    279    117    199      9      4      0      0      0      0      0      0      0
      0      0      0     89    146   3115    295    269     65     51      2      8      0      0      0
      0      0      0     40      4    420     86    299    105    106      1      0      0      0      0
      0      0      0      4      3    109     63    177    130    140    163      9     69     21      0
      0      0      0      4      1    106     36    198    211    338    246     33      0      0      0
      0      0      0      0      0     83     63    378    605   2312   1049     34      0      0      0
      0      0      0      3      1     19     13    130    223    777   5822    604    310     27      0
      0      0      0      0      0      1      0      3      5      1    330   1409    448      9      0
      0      0      0      0      0      0      0      0      0      0     30    268   1621    168     33
      0      0      0      0      0      0      0      0      0      0      4      6    282    469    431
      0      0      0      0      0      0      0      0      0      0     16      5    186    562   1688
Class Accuracy
C0: 0.7542
C1: 0.9365
C2: 0.8378
C3: 0.9607
C4: 0.1924
C5: 0.7710
C6: 0.0811
C7: 0.1993
C8: 0.1799
C9: 0.5111
C10: 0.7343
C11: 0.6387
C12: 0.7646
C13: 0.3935
C14: 0.6870
epoch: 29
loss: 0.0523	 0.0517	 0.0006	 train_acc: 0.9806	 test_acc: 0.6891
Confusion_Matrix
    900    370     40      0      0      0      0      0      0      0      0      0      0      0      0
    171   5511    175      3      0      0      0      0      0      0      0      0      0      0      0
      0     77    812     36      0      0      0      0      0      0      0      0      0      0      0
      0     49     14   3823    165     48      0      0      0      0      0      0      0      0      0
      0      0      0    258    165    145     39      1      0      0      0      0      0      0      0
      0      0      0    112    243   2811    330    346     68     79     41     10      0      0      0
      0      0      0     47      2    387    108    257    109    130     21      0      0      0      0
      0      0      0      5      3     75     66    115    112    185    238      1     67     21      0
      0      0      0      2      4     82     40    163    149    393    298     41      1      0      0
      0      0      0      0      2     27     39    236    405   2352   1428     33      2      0      0
      0      0      0      0      5      2      3     92    125    830   5981    656    185     50      0
      0      0      0      0      0      0      0      0      1      9    416   1380    384     16      0
      0      0      0      0      0      0      0      0      0      0     71    254   1561    203     31
      0      0      0      0      0      0      0      0      0      0      4      6    258    513    411
      0      0      0      0      0      0      0      0      0      0     16      3    183    603   1652
Class Accuracy
C0: 0.6870
C1: 0.9404
C2: 0.8778
C3: 0.9327
C4: 0.2714
C5: 0.6958
C6: 0.1018
C7: 0.1295
C8: 0.1270
C9: 0.5199
C10: 0.7543
C11: 0.6256
C12: 0.7363
C13: 0.4304
C14: 0.6724
epoch: 30
loss: 0.0486	 0.0480	 0.0005	 train_acc: 0.9820	 test_acc: 0.6880
Confusion_Matrix
    971    311     28      0      0      0      0      0      0      0      0      0      0      0      0
    240   5464    115     41      0      0      0      0      0      0      0      0      0      0      0
      3     85    804     33      0      0      0      0      0      0      0      0      0      0      0
      0     30     15   3889    103     60      2      0      0      0      0      0      0      0      0
      0      0      0    238    120    236      9      4      1      0      0      0      0      0      0
      0      0      0    117    143   2830    399    286    149     98     11      7      0      0      0
      0      0      0     43     11    379    118    177    214    112      7      0      0      0      0
      0      0      0      3      3     82    104     90    141    154    224      3     64     11      9
      0      0      0      1      3     78     49    122    191    435    257     36      1      0      0
      0      0      0      0      1     59     22    200    462   2491   1254     33      2      0      0
      0      0      0      0      2      3      8     61    207    914   5656    593    443     42      0
      0      0      0      0      0      0      0      0      1     13    302   1285    588     17      0
      0      0      0      0      0      0      0      0      0      0     35    152   1572    280     81
      0      0      0      0      0      0      0      0      0      0      4      4    233    433    518
      0      0      0      0      0      0      0      0      0      0     20      0    128    434   1875
Class Accuracy
C0: 0.7412
C1: 0.9324
C2: 0.8692
C3: 0.9488
C4: 0.1974
C5: 0.7005
C6: 0.1112
C7: 0.1014
C8: 0.1628
C9: 0.5506
C10: 0.7133
C11: 0.5825
C12: 0.7415
C13: 0.3633
C14: 0.7631
