epoch: 1
loss: 1.1038	 train_acc: 0.6137	 test_acc: 0.6999
Confusion_Matrix
    366    942      1      1      0      0      0      0      0      0      0      0      0      0      0
    132   5724      4      0      0      0      0      0      0      0      0      0      0      0      0
    401    443     45     33      0      2      0      0      0      0      0      1      0      0      0
      0     22      1   3816      0    225      0      0      0      0      1     34      0      0      0
      0      0      0    135      0    468      0      0      0      1      0      4      0      0      0
      0      0      0     60      0   3612     54      7      0    265     17     25      0      0      0
      0      0      0      0      0    629     38     14      0    368      9      3      0      0      0
      0      0      0      0      0    168     21      8      0    474    108     40     50      2     17
      0      0      0      0      0     27      6      2      0    912    201     25      0      0      0
      0      0      0      0      0      7      2      0      0   3367   1077     71      0      0      0
      0      0      0      1      0      7      0      1      0    796   6286    836      2      0      0
      0      0      0     11      0      5      0      0      0     10    357   1768     55      0      0
      0      3      0      6      0      6      0      0      0     14    177    673   1139     54     48
      0      5      0     13      0      4      0      0      0      0     12     62    318    177    601
      0     13      0      3      0      0      0      0      0      7     84     92    212    123   1923
Class Accuracy
C0: 0.2794
C1: 0.9768
C2: 0.0486
C3: 0.9310
C4: 0.0000
C5: 0.8941
C6: 0.0358
C7: 0.0090
C8: 0.0000
C9: 0.7443
C10: 0.7928
C11: 0.8015
C12: 0.5373
C13: 0.1485
C14: 0.7827
epoch: 2
loss: 0.7762	 train_acc: 0.7111	 test_acc: 0.7167
Confusion_Matrix
    580    729      1      0      0      0      0      0      0      0      0      0      0      0      0
    193   5652      1     14      0      0      0      0      0      0      0      0      0      0      0
    496    336     55     37      1      0      0      0      0      0      0      0      0      0      0
      0     16      0   3897    146     35      0      0      0      0      0      5      0      0      0
      0      0      0    144    242    219      0      2      0      0      0      1      0      0      0
      0      0      0     84    208   3508     60    111     27     29     13      0      0      0      0
      0      0      0      8      8    689    130    104     16     93      8      0      5      0      0
      0      0      0     10      0    168    113    188     42    132    137      6     75     15      2
      0      0      0      1      0     34     66    140    102    612    212      6      0      0      0
      0      0      0      0      0     37     28    189    183   2868   1180     34      5      0      0
      0      0      0     23      0     13      9     68     48    494   6715    419    136      4      0
      0      0      0     93      5     25      0     19      0     22    518   1148    373      3      0
      0      1      0      8      0      5      0      3      0      4    148    127   1696     96     32
      0      1      0      3      2      5      0      0      0      0      5      1    323    322    530
      0      5      0      2      0      2      0      1      0      2     13     44    274    268   1846
Class Accuracy
C0: 0.4427
C1: 0.9645
C2: 0.0595
C3: 0.9507
C4: 0.3980
C5: 0.8683
C6: 0.1225
C7: 0.2117
C8: 0.0870
C9: 0.6340
C10: 0.8469
C11: 0.5204
C12: 0.8000
C13: 0.2701
C14: 0.7513
epoch: 3
loss: 0.6948	 train_acc: 0.7383	 test_acc: 0.6856
Confusion_Matrix
     86    711    291    222      0      0      0      0      0      0      0      0      0      0      0
      9   5214    159    478      0      0      0      0      0      0      0      0      0      0      0
      0    101    578    246      0      0      0      0      0      0      0      0      0      0      0
      0      6      0   3708    311     70      2      0      0      0      0      2      0      0      0
      0      0      0     71    209    321      7      0      0      0      0      0      0      0      0
      0      0      0     67    188   3266    361     99     26     18     14      1      0      0      0
      0      0      0      3      4    415    447     79      4     91      5     13      0      0      0
      0      0      0     17      2    112    260    144     63     79    125     27     40     19      0
      0      0      0      0      0     10    240    216    151    357    172     27      0      0      0
      0      0      0      3      1     19    205    348    271   2835    786     55      1      0      0
      0      0      0     49      9     17     28     78     72    893   5949    811     23      0      0
      0      0      0    119     10      9      4      2      1     16    249   1666    130      0      0
      0      0      0     17      4      5      0      3      0      0    147    487   1339     92     26
      0      0      0      6      5      5      0      0      0      0     11     61    270    493    341
      0      1      0     17      1      1      0      2      0      2      9    117    234    464   1609
Class Accuracy
C0: 0.0656
C1: 0.8898
C2: 0.6249
C3: 0.9046
C4: 0.3438
C5: 0.8084
C6: 0.4213
C7: 0.1622
C8: 0.1287
C9: 0.6267
C10: 0.7503
C11: 0.7552
C12: 0.6316
C13: 0.4136
C14: 0.6549
epoch: 4
loss: 0.6366	 train_acc: 0.7603	 test_acc: 0.7282
Confusion_Matrix
    602    294    413      1      0      0      0      0      0      0      0      0      0      0      0
    234   5177    435     14      0      0      0      0      0      0      0      0      0      0      0
     14     85    796     27      2      0      0      0      0      0      0      1      0      0      0
      0      7      4   3885    124     66      1      0      0      0      0     12      0      0      0
      0      0      0     99    183    322      2      2      0      0      0      0      0      0      0
      0      0      0     89    105   3608    131     74     12     15      5      1      0      0      0
      0      0      0     28      3    561    249    150      4     66      0      0      0      0      0
      0      0      0     14      4    206    109    202     66    104    107     22     35      0     19
      0      0      0      0      0     37     59    336    164    357    195     25      0      0      0
      0      0      0      0      0     45     28    265    348   2861    927     49      1      0      0
      0      0      0     33      4     37      3     79    103    663   6146    803     56      0      2
      0      0      3     80      5     24      1      6      1     13    179   1705    189      0      0
      0      1      0     25      0      5      0      1      0      0     73    480   1391     74     70
      0      6      0      1      5      5      0      0      0      0      2     41    224    374    534
      0     12      0      5      0      3      0      1      0      0      0     35    180    150   2071
Class Accuracy
C0: 0.4595
C1: 0.8834
C2: 0.8605
C3: 0.9478
C4: 0.3010
C5: 0.8931
C6: 0.2347
C7: 0.2275
C8: 0.1398
C9: 0.6324
C10: 0.7751
C11: 0.7729
C12: 0.6561
C13: 0.3138
C14: 0.8429
epoch: 5
loss: 0.5840	 train_acc: 0.7814	 test_acc: 0.7168
Confusion_Matrix
    215    586    505      4      0      0      0      0      0      0      0      0      0      0      0
     21   5408    353     78      0      0      0      0      0      0      0      0      0      0      0
      2     85    795     32      0      2      0      0      0      0      0      9      0      0      0
      0      3      4   3837     89    112     12      1      0      0      0     41      0      0      0
      0      0      0     75    129    380     15      3      0      0      0      6      0      0      0
      0      0      0     54     35   3343    338    179     25     18     16     29      3      0      0
      0      0      0      0      2    326    352    250     20     72      9     30      0      0      0
      0      0      0      0      1     60    149    219     81    145    119     61     41      0     12
      0      0      0      0      0      3     30    204    202    531    176     27      0      0      0
      0      0      0      0      0      3      7    154    288   3070    937     63      2      0      0
      0      0      0      4      0      1      1     62     48    659   6165    716    273      0      0
      0      0      0      2      0      3      1      1      0      2    206   1560    431      0      0
      0      0      0      0      0      1      0      0      0      0     50    219   1785     28     37
      0      0      0      0      0      1      0      1      0      0      2     16    383    475    314
      0      0      0      0      0      0      0      0      0      0      0     15    351    692   1399
Class Accuracy
C0: 0.1641
C1: 0.9229
C2: 0.8595
C3: 0.9361
C4: 0.2122
C5: 0.8275
C6: 0.3318
C7: 0.2466
C8: 0.1722
C9: 0.6786
C10: 0.7775
C11: 0.7072
C12: 0.8420
C13: 0.3985
C14: 0.5694
epoch: 6
loss: 0.5351	 train_acc: 0.8009	 test_acc: 0.6907
Confusion_Matrix
   1150    152      6      2      0      0      0      0      0      0      0      0      0      0      0
    615   5187     35     23      0      0      0      0      0      0      0      0      0      0      0
    421    172    296     35      0      0      0      0      0      0      0      1      0      0      0
      2      4      2   3813    120    105     10      8      0      0      0     33      2      0      0
      0      0      0     72    146    319     60      5      0      0      1      5      0      0      0
      0      0      0     61     36   2712    727    326     74     31     50     21      2      0      0
      0      0      0      0      2    139    352    346    101     72     48      1      0      0      0
      0      0      0      0      0     23    101    133    274     60    190     31     55      0     21
      0      0      0      0      0      1     18     83    322    342    392     15      0      0      0
      0      0      0      0      0      1      8     58    615   1807   2000     34      1      0      0
      0      0      0      3      0      0      1     19     56    289   6839    472    227     11     12
      0      0      0     27      0      0      1      1      0      0    373   1278    526      0      0
      0      0      0      2      0      0      0      1      0      1     90    128   1644    155     99
      0      0      0      0      0      1      0      0      0      0      2      5    206    463    515
      0      0      0      8      0      0      4      1      2      0     12     24    142    506   1758
Class Accuracy
C0: 0.8779
C1: 0.8852
C2: 0.3200
C3: 0.9302
C4: 0.2401
C5: 0.6713
C6: 0.3318
C7: 0.1498
C8: 0.2745
C9: 0.3994
C10: 0.8625
C11: 0.5793
C12: 0.7755
C13: 0.3884
C14: 0.7155
epoch: 7
loss: 0.5005	 train_acc: 0.8144	 test_acc: 0.7050
Confusion_Matrix
    945    246    116      3      0      0      0      0      0      0      0      0      0      0      0
    358   5296    170     36      0      0      0      0      0      0      0      0      0      0      0
    128    107    649     38      1      1      0      0      0      0      0      1      0      0      0
      0      4      2   3711    226    102      3      9      0      0      0     42      0      0      0
      0      0      0     55    151    321     69      5      0      0      0      7      0      0      0
      0      0      0     56     48   3115    410    215     12    122     35     26      1      0      0
      0      0      0      1      4    262    255    320     50    135     31      3      0      0      0
      0      0      0      0      0     40     80    147    119    194    167     66     74      1      0
      0      0      0      0      0      0      8     72     67    690    320     16      0      0      0
      0      0      0      0      0      1      6     39     82   2780   1557     57      2      0      0
      0      0      0      2      0      2      0      9      7    539   6477    694    199      0      0
      0      0      0      4      7      2      0      1      0      4    235   1475    478      0      0
      0      0      0      0      1      0      0      3      0      1     56    214   1811     34      0
      0      0      0      0      0      1      0      1      0      0      3     25    467    556    139
      0      0      0      0      0      0      0      0      1      2      5     48    409    951   1041
Class Accuracy
C0: 0.7214
C1: 0.9038
C2: 0.7016
C3: 0.9053
C4: 0.2484
C5: 0.7710
C6: 0.2403
C7: 0.1655
C8: 0.0571
C9: 0.6145
C10: 0.8169
C11: 0.6686
C12: 0.8542
C13: 0.4664
C14: 0.4237
epoch: 8
loss: 0.4657	 train_acc: 0.8272	 test_acc: 0.7242
Confusion_Matrix
    750    411    134     15      0      0      0      0      0      0      0      0      0      0      0
    195   5527    114     24      0      0      0      0      0      0      0      0      0      0      0
     30    158    679     56      1      0      0      0      0      0      0      1      0      0      0
      0      6      1   3893     90     62      0      5      0      1      1     40      0      0      0
      0      0      0    104    155    337      4      5      0      0      0      3      0      0      0
      0      0      0     92     26   3648     34    120      3     74     20     23      0      0      0
      0      0      0      2      6    503    106    283     12    121     27      1      0      0      0
      0      0      0      2      2    118     38    192    115    144    165     54     39      0     19
      0      0      0      0      0      4     12    131    122    599    289     16      0      0      0
      0      0      0      0      0      1      4     64    206   2377   1822     49      1      0      0
      0      0      0      0      0      1      0     21     34    461   6787    573     51      0      1
      0      0      0      6      0      5      0      0      0     10    404   1541    240      0      0
      0      0      0      4      0      1      0      1      2      0     87    356   1532    102     35
      0      0      0      1      0      2      0      0      0      0      5     29    250    657    248
      0      0      0     34      0      1      0      0      4      4     14     34    207    874   1285
Class Accuracy
C0: 0.5725
C1: 0.9432
C2: 0.7341
C3: 0.9497
C4: 0.2549
C5: 0.9030
C6: 0.0999
C7: 0.2162
C8: 0.1040
C9: 0.5254
C10: 0.8560
C11: 0.6985
C12: 0.7226
C13: 0.5512
C14: 0.5230
epoch: 9
loss: 0.4367	 train_acc: 0.8382	 test_acc: 0.7096
Confusion_Matrix
    704    436    169      1      0      0      0      0      0      0      0      0      0      0      0
    123   5585    125     27      0      0      0      0      0      0      0      0      0      0      0
     32    192    667     31      0      2      0      0      0      0      0      1      0      0      0
      0      7      2   3886    101     75      3     21      0      0      2      2      0      0      0
      0      0      0    132    133    287     48      4      0      0      1      3      0      0      0
      0      0      0     72     42   3357    302    173     30     29     21     13      1      0      0
      0      0      0      1      5    351    312    297     34     53      6      0      2      0      0
      0      0      0      1      1    109    134    211     88    120    117     29     78      0      0
      0      0      0      0      0      2     66    230    261    491    117      6      0      0      0
      0      0      0      0      0      3     16    328    847   2559    735     36      0      0      0
      0      0      0      6      0      2      7     70     89   1126   6075    511     43      0      0
      0      0      0     28      0     11      1      2      2     53    448   1411    250      0      0
      0      0      0      9      1      0      0      6      1     11     81    315   1612     78      6
      0      0      0      5      0      1      0      1      0      0      5     17    360    606    197
      0      1      0     27      0      1      1      0     16      4     13     14    276    820   1284
Class Accuracy
C0: 0.5374
C1: 0.9531
C2: 0.7211
C3: 0.9480
C4: 0.2188
C5: 0.8309
C6: 0.2941
C7: 0.2376
C8: 0.2225
C9: 0.5656
C10: 0.7662
C11: 0.6396
C12: 0.7604
C13: 0.5084
C14: 0.5226
epoch: 10
loss: 0.4095	 train_acc: 0.8491	 test_acc: 0.7008
Confusion_Matrix
    860    128    322      0      0      0      0      0      0      0      0      0      0      0      0
    486   4932    432      3      0      0      0      0      0      0      0      7      0      0      0
     23     52    823     22      0      1      0      0      0      0      0      4      0      0      0
      2      8      8   3834    149     39      3     13      0      0      4     18     21      0      0
      0      0      0    112    205    227     53      2      1      0      0      5      3      0      0
      0      0      0     85     80   3397    180    167     34     45     19     27      6      0      0
      0      0      0      0      9    372    267    242     60     72     35      0      4      0      0
      0      0      0      0      8     56     76    195    175     71    208     20     79      0      0
      0      0      0      0      0      1     35    144    241    412    338      2      0      0      0
      0      0      0      0      1      3      6    163    791   2047   1493     19      1      0      0
      0      0      0      0      0      0      2     15    101    402   6910    362    136      0      1
      0      0      0      3      0      0      0      0      0      4    549   1148    502      0      0
      0      0      0      4      0      0      0      0      0      0     83    162   1779     80     12
      0      0      0      0      0      0      0      0      0      0      3      2    326    737    124
      0      0      0      2      0      0      0      0      0      2      5     19    271   1227    931
Class Accuracy
C0: 0.6565
C1: 0.8416
C2: 0.8897
C3: 0.9354
C4: 0.3372
C5: 0.8408
C6: 0.2516
C7: 0.2196
C8: 0.2055
C9: 0.4525
C10: 0.8715
C11: 0.5204
C12: 0.8392
C13: 0.6183
C14: 0.3789
epoch: 11
loss: 0.3858	 train_acc: 0.8582	 test_acc: 0.7136
Confusion_Matrix
    974    241     95      0      0      0      0      0      0      0      0      0      0      0      0
    375   5327    137     21      0      0      0      0      0      0      0      0      0      0      0
    136    117    639     33      0      0      0      0      0      0      0      0      0      0      0
      1      8      3   3795    159     92      5     21      0      0      1     14      0      0      0
      0      0      0     51    217    325      9      4      0      0      0      2      0      0      0
      0      0      0     72     86   3380    296    159      8     13      7     19      0      0      0
      0      0      0      5      7    389    382    192     28     55      3      0      0      0      0
      0      0      0      1      5    106    167    192     89     88    135     30     60      1     14
      0      0      0     10      0     16    134    174    314    366    147     12      0      0      0
      0      0      0      7      0      8     44    290    692   2385   1041     57      0      0      0
      0      0      0     15      0      8     12     61    138    723   6319    555     97      0      1
      0      0      0     82      0     22      0      0      1     41    335   1337    388      0      0
      0      0      0      5      1      4      0      2      4      4     73    290   1589    109     39
      0      0      0      1      0      2      0      0      0      0      1     13    279    640    256
      0      0      0     18      6      1      4      0      1      0      7     31    157    900   1332
Class Accuracy
C0: 0.7435
C1: 0.9090
C2: 0.6908
C3: 0.9258
C4: 0.3569
C5: 0.8366
C6: 0.3600
C7: 0.2162
C8: 0.2677
C9: 0.5272
C10: 0.7969
C11: 0.6061
C12: 0.7495
C13: 0.5369
C14: 0.5421
epoch: 12
loss: 0.3626	 train_acc: 0.8670	 test_acc: 0.7284
Confusion_Matrix
    620    418    257     15      0      0      0      0      0      0      0      0      0      0      0
    103   5495    239     23      0      0      0      0      0      0      0      0      0      0      0
     18    111    762     32      0      0      0      0      0      0      0      2      0      0      0
      0      5      4   3901     33     94     10     31      0      1      7     10      3      0      0
      0      0      0    167     82    327     20      5      0      1      3      3      0      0      0
      0      0      0     78     15   3363    318    142     12     76     12     24      0      0      0
      0      0      0      0      6    260    404    295     35     41     18      2      0      0      0
      0      0      0      0      0     49    145    138    148    143    192     21     32      0     20
      0      0      0      0      0      1     44    130    171    645    177      5      0      0      0
      0      0      0      0      0      2      6    139    350   3034    978     15      0      0      0
      0      0      0      0      0      0      2     23     15    828   6693    312     51      0      5
      0      0      0      8      0      5      0      0      1     27    751   1165    248      1      0
      0      0      0      5      0      0      0      1      3      3    189    256   1431    121    111
      0      0      0      4      0      1      1      0      0      0      9      8    209    463    497
      0      0      0      1      0      0      1      0      0      0     34     20    145    556   1700
Class Accuracy
C0: 0.4733
C1: 0.9377
C2: 0.8238
C3: 0.9517
C4: 0.1349
C5: 0.8324
C6: 0.3808
C7: 0.1554
C8: 0.1458
C9: 0.6706
C10: 0.8441
C11: 0.5281
C12: 0.6750
C13: 0.3884
C14: 0.6919
epoch: 13
loss: 0.3457	 train_acc: 0.8730	 test_acc: 0.6798
Confusion_Matrix
    895    245    170      0      0      0      0      0      0      0      0      0      0      0      0
    243   5386    228      3      0      0      0      0      0      0      0      0      0      0      0
     71     78    742     31      0      1      0      0      0      0      0      2      0      0      0
      0      6      4   3717    270     46     14     39      0      0      1      1      0      0      1
      0      0      0     36    237    260     64     10      1      0      0      0      0      0      0
      0      0      0     52     51   2524    912    415     56      9     17      4      0      0      0
      0      0      0      0      7    128    392    451     38     33     12      0      0      0      0
      0      0      0      0      0     12     85    340    197     65    102     30     38      0     19
      0      0      0      6      0      0     45    295    368    365     92      2      0      0      0
      0      0      0      0      0      0     18    366   1203   2060    838     39      0      0      0
      0      0      0     10      0      1      8     94    288    879   6107    522     18      1      1
      0      0      0     82      7     22      5      2     43     64    465   1289    225      2      0
      0      0      0      6      1      5      7      3     11      8    145    313   1411    156     54
      0      0      0      1      0      4      0      1      1      1     24      9    195    632    324
      0      0      0      1      1      9      0      2     20      3     45     17    131    871   1357
Class Accuracy
C0: 0.6832
C1: 0.9191
C2: 0.8022
C3: 0.9068
C4: 0.3898
C5: 0.6248
C6: 0.3695
C7: 0.3829
C8: 0.3137
C9: 0.4553
C10: 0.7702
C11: 0.5843
C12: 0.6656
C13: 0.5302
C14: 0.5523
epoch: 14
loss: 0.3244	 train_acc: 0.8806	 test_acc: 0.7030
Confusion_Matrix
    905    182    223      0      0      0      0      0      0      0      0      0      0      0      0
    287   5238    313     22      0      0      0      0      0      0      0      0      0      0      0
     43     69    784     26      0      2      0      0      0      0      0      1      0      0      0
      0      6      4   3793    221     39      1     27      0      0      1      1      6      0      0
      0      0      0     67    298    228      9      3      0      0      0      3      0      0      0
      0      0      0     70    145   3440    222    100     26     11      7     19      0      0      0
      0      0      0      0     17    442    231    297     27     32     12      3      0      0      0
      0      0      0      3      2     85    121    272    109    104     79     34     65      0     14
      0      0      0      8      0     13     85    380    183    444     56      4      0      0      0
      0      0      0      8      0      4     39    657    587   2526    652     51      0      0      0
      0      0      0     35      1     11     15    110    163   1179   5771    610     32      1      1
      0      0      0     78      6     11      1      1     20     88    309   1439    253      0      0
      0      0      0      6      5      5      1      0      4     12     52    297   1689     27     22
      0      0      0      3      1      0      0      1      0      0      2      9    365    511    300
      0      0      0      7     15      0      4      1      4      4     18     15    271    802   1316
Class Accuracy
C0: 0.6908
C1: 0.8939
C2: 0.8476
C3: 0.9253
C4: 0.4901
C5: 0.8515
C6: 0.2177
C7: 0.3063
C8: 0.1560
C9: 0.5584
C10: 0.7278
C11: 0.6523
C12: 0.7967
C13: 0.4287
C14: 0.5356
epoch: 15
loss: 0.3083	 train_acc: 0.8868	 test_acc: 0.7186
Confusion_Matrix
    968    233    108      1      0      0      0      0      0      0      0      0      0      0      0
    322   5382    155      1      0      0      0      0      0      0      0      0      0      0      0
    115     88    692     28      0      0      0      0      0      0      0      2      0      0      0
      1      7      5   3879    121     31      7     43      1      0      2      2      0      0      0
      0      0      0    139    264    160     38      7      0      0      0      0      0      0      0
      0      0      1     90     84   3111    407    226     44     42     22     13      0      0      0
      0      0      0      2      4    231    275    340    101     81     25      2      0      0      0
      0      0      0      0      0     23     74    242    237     95    123     27     49      0     18
      0      0      0      2      0      0     18    149    423    372    199      9      1      0      0
      0      0      0      0      0      3      3     99    972   2238   1178     30      1      0      0
      0      0      0      7      0      0      1      5    144    621   6597    499     50      0      5
      0      0      1     14      1      4      0      0      4      8    443   1434    297      0      0
      0      0      0      2      1      2      0      3      2      1     97    308   1559     57     88
      0      1      0      3      0      0      0      1      0      0      3     17    280    449    438
      0      0      0      9      1      0      0      0      1      0     14     25    203    692   1512
Class Accuracy
C0: 0.7389
C1: 0.9184
C2: 0.7481
C3: 0.9463
C4: 0.4342
C5: 0.7700
C6: 0.2592
C7: 0.2725
C8: 0.3606
C9: 0.4947
C10: 0.8320
C11: 0.6500
C12: 0.7354
C13: 0.3767
C14: 0.6154
epoch: 16
loss: 0.2921	 train_acc: 0.8925	 test_acc: 0.7210
Confusion_Matrix
    897    326     87      0      0      0      0      0      0      0      0      0      0      0      0
    252   5500     99      9      0      0      0      0      0      0      0      0      0      0      0
    106    172    618     26      0      1      0      0      0      0      0      2      0      0      0
      1      7      3   3868    134     45      0     37      0      0      3      1      0      0      0
      0      0      0    127    233    207     35      6      0      0      0      0      0      0      0
      0      0      0    101     94   3334    274    151     38     19     21      8      0      0      0
      0      0      0      1     11    396    254    286     29     74      4      6      0      0      0
      0      0      0      1      4     56    132    231    143    126     89     29     62      0     15
      0      0      0      0      0      6     43    276    198    563     82      5      0      0      0
      0      0      0      8      0      3     17    217    488   2967    794     30      0      0      0
      0      0      0      6      0      0      5     72     60   1114   6142    500     29      0      1
      0      0      0     71      0      6      0      0      8     35    476   1423    187      0      0
      0      0      0      7      0      1      0      1      3      9     85    434   1417     74     89
      0      0      0      5      0      0      0      0      0      0      2     24    236    525    400
      0      1      1      6     12      0      2      0      8      8     13     31    178    680   1517
Class Accuracy
C0: 0.6847
C1: 0.9386
C2: 0.6681
C3: 0.9436
C4: 0.3832
C5: 0.8252
C6: 0.2394
C7: 0.2601
C8: 0.1688
C9: 0.6558
C10: 0.7746
C11: 0.6451
C12: 0.6684
C13: 0.4404
C14: 0.6174
epoch: 17
loss: 0.2781	 train_acc: 0.8973	 test_acc: 0.7129
Confusion_Matrix
    966    235    109      0      0      0      0      0      0      0      0      0      0      0      0
    292   5326    240      0      0      0      0      0      0      0      0      2      0      0      0
     90     96    708     27      0      1      0      0      0      0      0      3      0      0      0
      2      9      4   3879     81     68      6     21      0      0      3     14     12      0      0
      0      0      0    111    171    261     55      3      0      0      2      4      1      0      0
      0      0      0     81     36   3275    315    161     61     58     13     34      6      0      0
      0      0      0      0      7    310    230    319     70    100     20      5      0      0      0
      0      0      0      1      3     44     84    227    164    127    131     24     82      1      0
      0      0      0      1      0      0     20    180    303    513    152      4      0      0      0
      0      0      0      0      0      2      4    147    949   2378   1001     43      0      0      0
      0      0      0      0      0      0      1     51     86    759   6376    552    103      0      1
      0      0      0      5      0      4      0      0      2     11    389   1402    392      1      0
      0      0      0      6      0      2      0      1      1      0     73    217   1655    118     47
      0      0      0      4      0      1      0      0      0      0      5      4    280    678    220
      0      1      0     12      0      0      1      0      1      3      8     23    171   1014   1223
Class Accuracy
C0: 0.7374
C1: 0.9089
C2: 0.7654
C3: 0.9463
C4: 0.2812
C5: 0.8106
C6: 0.2168
C7: 0.2556
C8: 0.2583
C9: 0.5256
C10: 0.8041
C11: 0.6355
C12: 0.7807
C13: 0.5688
C14: 0.4978
epoch: 18
loss: 0.2642	 train_acc: 0.9033	 test_acc: 0.7223
Confusion_Matrix
    809    340    161      0      0      0      0      0      0      0      0      0      0      0      0
    174   5555    130      1      0      0      0      0      0      0      0      0      0      0      0
     37    120    736     31      0      0      0      0      0      0      0      1      0      0      0
      0     11      5   3898    101     43      6     30      0      0      2      1      2      0      0
      0      0      0    107    208    228     57      6      0      0      1      1      0      0      0
      0      0      0     92     88   2892    645    275     10     11     23      3      1      0      0
      0      0      0      4      7    209    498    251     22     56     11      3      0      0      0
      0      0      0      0      4     26    160    318     90     92    103     21     63      0     11
      0      0      0      9      0      1     73    322    207    450    103      8      0      0      0
      0      0      0     12      0      2     18    454    401   2736    869     31      1      0      0
      0      0      0     20      0      3     14     90     96    813   6317    532     40      4      0
      0      0      1     78      2     10      3      1     18     14    398   1460    220      1      0
      0      0      0      9      0      1      2      2      4      0     69    357   1554     71     51
      0      0      0      6      0      0      0      1      0      0      4     12    271    637    261
      0      3      0      3      0      0      0      0      0      0      6     40    206    850   1349
Class Accuracy
C0: 0.6176
C1: 0.9480
C2: 0.7957
C3: 0.9510
C4: 0.3421
C5: 0.7158
C6: 0.4694
C7: 0.3581
C8: 0.1765
C9: 0.6048
C10: 0.7967
C11: 0.6618
C12: 0.7330
C13: 0.5344
C14: 0.5490
epoch: 19
loss: 0.2465	 train_acc: 0.9092	 test_acc: 0.7284
Confusion_Matrix
   1046    238     26      0      0      0      0      0      0      0      0      0      0      0      0
    353   5461     44      2      0      0      0      0      0      0      0      0      0      0      0
    236    190    468     30      0      0      0      0      0      0      0      1      0      0      0
      0     11      3   3984     51     20      1     26      0      0      2      0      1      0      0
      0      0      0    210    245    134     11      8      0      0      0      0      0      0      0
      0      0      0    178    117   3220    270    153     34     47     11     10      0      0      0
      0      0      0      6      8    292    293    310     41     91     20      0      0      0      0
      0      0      0      4      0     36    118    245    116    131    148     20     58      2     10
      0      0      0     10      0      5     39    218    117    605    177      2      0      0      0
      0      0      0      7      0      5     27    134    329   2966   1040     16      0      0      0
      0      0      0     26      0      2      2     37     42    765   6676    346     31      2      0
      0      4      0    107      0      2      0      0      2      7    628   1204    250      1      1
      0      0      0     19      0      0      0      3      0      5    172    320   1448    101     52
      0      0      0      7      1      0      0      0      0      1     14      9    238    630    292
      0      5      0     16      0      0      0      0      3      2     14     27    140    833   1417
Class Accuracy
C0: 0.7985
C1: 0.9319
C2: 0.5059
C3: 0.9719
C4: 0.4030
C5: 0.7970
C6: 0.2762
C7: 0.2759
C8: 0.0997
C9: 0.6556
C10: 0.8420
C11: 0.5458
C12: 0.6830
C13: 0.5285
C14: 0.5767
epoch: 20
loss: 0.2348	 train_acc: 0.9138	 test_acc: 0.7253
Confusion_Matrix
   1169    115     25      1      0      0      0      0      0      0      0      0      0      0      0
    710   5087     57      6      0      0      0      0      0      0      0      0      0      0      0
    271     95    522     32      0      0      0      0      0      0      0      5      0      0      0
      0      8      4   3920     75     41      1     14      0      0      8      0     28      0      0
      0      0      0    126    190    232     52      4      0      0      3      0      1      0      0
      0      0      0    127     55   3339    220    166     55     38     21      5     14      0      0
      0      0      0      2      7    326    252    297     38    104     34      0      1      0      0
      0      0      0      1      0     43     82    231    153    105    175     11     87      0      0
      0      0      0      0      1      0     28    149    211    580    202      2      0      0      0
      0      0      0      1      0      2     22     91    442   2674   1275     17      0      0      0
      0      0      0      0      0      2      1     14     51    633   6780    344    103      0      1
      0      0      0     33      0      4      0      0      1      2    592   1165    408      0      1
      0      0      1      7      0      2      0      0      0      4     70    167   1775     52     42
      0      0      0      3      0      0      0      0      0      0      2      1    331    531    324
      0      0      0      5      0      1      0      0      1      1     15     11    209    764   1450
Class Accuracy
C0: 0.8924
C1: 0.8681
C2: 0.5643
C3: 0.9563
C4: 0.3125
C5: 0.8265
C6: 0.2375
C7: 0.2601
C8: 0.1799
C9: 0.5911
C10: 0.8551
C11: 0.5281
C12: 0.8373
C13: 0.4455
C14: 0.5902
epoch: 21
loss: 0.2241	 train_acc: 0.9182	 test_acc: 0.7114
Confusion_Matrix
    967    197    146      0      0      0      0      0      0      0      0      0      0      0      0
    389   5239    216     16      0      0      0      0      0      0      0      0      0      0      0
     63     49    778     34      0      0      0      0      0      0      0      1      0      0      0
      0      6      2   3913     89     47      3     33      1      0      4      1      0      0      0
      0      0      0    118    269    156     57      6      0      0      0      2      0      0      0
      0      0      0    109     77   3218    360    151     88     22      7      7      1      0      0
      0      0      0      3      6    268    311    325     53     80     14      0      1      0      0
      0      0      0      2      0     34    117    280    162    114     71     30     77      0      1
      0      0      0      6      1      1     34    219    366    432    113      1      0      0      0
      0      0      0     10      0      4     26    215    813   2707    716     33      0      0      0
      0      0      0     13      0      0      8     33    140   1207   5917    541     69      0      1
      0      0      0     70      0      8      1      0     20     26    407   1370    304      0      0
      0      0      1     11      1      6      7      6      4     10     68    292   1623     63     28
      0      0      0      5      0      1      0      1      0      1      4      6    345    583    246
      0      0      1     16      1      1      1      0      1      7     18      7    231    979   1194
Class Accuracy
C0: 0.7382
C1: 0.8940
C2: 0.8411
C3: 0.9546
C4: 0.4424
C5: 0.7965
C6: 0.2931
C7: 0.3153
C8: 0.3120
C9: 0.5984
C10: 0.7462
C11: 0.6210
C12: 0.7656
C13: 0.4891
C14: 0.4860
epoch: 22
loss: 0.2105	 train_acc: 0.9213	 test_acc: 0.7143
Confusion_Matrix
   1008    213     89      0      0      0      0      0      0      0      0      0      0      0      0
    324   5360    158     18      0      0      0      0      0      0      0      0      0      0      0
     91     96    710     24      0      2      0      0      0      0      0      2      0      0      0
      0     12      3   3809    173     55      1     17      1      0      6      4     18      0      0
      0      0      0    106    247    184     64      3      0      0      2      1      1      0      0
      0      0      0     65     83   3057    539    120    121     16     35      2      2      0      0
      0      0      0      1      4    204    392    322     46     63     29      0      0      0      0
      0      0      0      0      0     31    135    243    172     80    128     22     62      5     10
      0      0      0      3      0      2     39    253    239    441    196      0      0      0      0
      0      0      0      6      0      5     28    308    759   2174   1234     10      0      0      0
      0      0      0      6      0      0      7     24    114    554   6730    384    108      2      0
      0      0      0     32      1     11      1      1      4      3    563   1258    326      5      1
      0      0      0      7      0      2      0      0      3     10     94    224   1602    122     56
      0      0      0      4      0      1      0      1      0      0      5      4    255    637    285
      0      0      0      7      0      1      0      0      0      0      9     18    157    877   1388
Class Accuracy
C0: 0.7695
C1: 0.9147
C2: 0.7676
C3: 0.9293
C4: 0.4062
C5: 0.7567
C6: 0.3695
C7: 0.2736
C8: 0.2038
C9: 0.4805
C10: 0.8488
C11: 0.5703
C12: 0.7557
C13: 0.5344
C14: 0.5649
epoch: 23
loss: 0.1986	 train_acc: 0.9267	 test_acc: 0.7199
Confusion_Matrix
    984    186    139      1      0      0      0      0      0      0      0      0      0      0      0
    303   5338    189     30      0      0      0      0      0      0      0      0      0      0      0
     61     77    757     26      0      0      0      0      0      0      0      4      0      0      0
      0      9      5   3836    142     60      0     31      0      0      7      2      7      0      0
      0      0      0    102    238    211     49      5      0      0      2      1      0      0      0
      0      0      0     85     71   3253    376    118     77     10     43      7      0      0      0
      0      0      0      3      6    250    350    305     46     61     39      1      0      0      0
      0      0      0      2      2     57    122    221    117    103    185     17     60      0      2
      0      0      0      7      0      2     43    239    225    434    223      0      0      0      0
      0      0      0      1      0      4     43    220    612   2428   1207      9      0      0      0
      0      0      0      2      0      0      6     19     75    669   6805    317     35      1      0
      0      0      0     16      0      2      0      0      2      1    752   1202    230      1      0
      0      0      0      7      0      0      0      0      1      2    178    341   1533     36     22
      0      0      0      6      0      0      0      1      0      1     18     14    378    492    282
      0      0      0      5      0      0      0      0      0      2     22     27    272    713   1416
Class Accuracy
C0: 0.7511
C1: 0.9109
C2: 0.8184
C3: 0.9358
C4: 0.3914
C5: 0.8052
C6: 0.3299
C7: 0.2489
C8: 0.1918
C9: 0.5367
C10: 0.8582
C11: 0.5449
C12: 0.7231
C13: 0.4128
C14: 0.5763
epoch: 24
loss: 0.1895	 train_acc: 0.9308	 test_acc: 0.7108
Confusion_Matrix
    985    159    165      1      0      0      0      0      0      0      0      0      0      0      0
    350   5165    298     47      0      0      0      0      0      0      0      0      0      0      0
     63     64    768     28      0      0      0      0      0      0      0      2      0      0      0
      0      5      4   3942     73     29      0     20      0      0      6     10     10      0      0
      0      0      0    139    313    139      9      2      0      0      2      3      1      0      0
      0      0      0    159    123   3396    123     69    113      6     37     11      3      0      0
      0      0      0     13      8    450    215    223     76     50     24      2      0      0      0
      0      0      0     10      0     67    110    209    190     74    121     27     63      0     17
      0      0      0      6      1     10     36    238    366    279    237      0      0      0      0
      0      0      0      7      0      5     16    274   1003   1953   1247     19      0      0      0
      0      0      0     13      0      1      1     33    124    603   6671    412     68      2      1
      0      0      0     37      0      3      0      0      5      2    601   1252    302      3      1
      0      1      0      7      0      2      0      0      2      7     94    243   1585    118     61
      0      0      0      6      0      0      0      0      0      0     12      4    231    656    283
      0      0      0     19      0      0      1      0      0      2     26      4    138   1034   1233
Class Accuracy
C0: 0.7519
C1: 0.8814
C2: 0.8303
C3: 0.9617
C4: 0.5148
C5: 0.8406
C6: 0.2026
C7: 0.2354
C8: 0.3120
C9: 0.4317
C10: 0.8413
C11: 0.5675
C12: 0.7476
C13: 0.5503
C14: 0.5018
epoch: 25
loss: 0.1808	 train_acc: 0.9334	 test_acc: 0.7308
Confusion_Matrix
    914    255    141      0      0      0      0      0      0      0      0      0      0      0      0
    239   5422    155     44      0      0      0      0      0      0      0      0      0      0      0
     53    111    729     27      0      3      0      0      0      0      0      2      0      0      0
      0     10      3   3866    113     56      2     32      0      0      6      7      4      0      0
      0      0      0    107    269    178     44      7      0      0      2      1      0      0      0
      0      0      0     80     77   3418    243     99     59     12     41      8      3      0      0
      0      0      0      1      6    336    278    277     61     74     28      0      0      0      0
      0      0      0      0      0     50     96    262    168    117     99     23     57      0     16
      0      0      0      0      0      6     32    210    249    494    182      0      0      0      0
      0      0      0      2      0     10     34    210    504   2738   1015     11      0      0      0
      0      0      0      2      0      2      6     32     81    848   6515    366     69      7      1
      0      0      0     21      0     11      1      2     27      4    533   1320    282      5      0
      0      0      1      9      0      0      0      3      2     12     99    269   1487    201     37
      0      0      0      4      0      1      0      1      0      0      8     10    221    678    269
      0      0      0      5      0      1      0      0      0      0     21     10    119    927   1374
Class Accuracy
C0: 0.6977
C1: 0.9253
C2: 0.7881
C3: 0.9432
C4: 0.4424
C5: 0.8460
C6: 0.2620
C7: 0.2950
C8: 0.2123
C9: 0.6052
C10: 0.8217
C11: 0.5984
C12: 0.7014
C13: 0.5688
C14: 0.5592
epoch: 26
loss: 0.1727	 train_acc: 0.9362	 test_acc: 0.7067
Confusion_Matrix
    997    186    127      0      0      0      0      0      0      0      0      0      0      0      0
    358   5261    224     17      0      0      0      0      0      0      0      0      0      0      0
     85     69    742     28      0      0      0      0      0      0      0      1      0      0      0
      0     10      5   3893    110     38      0     37      1      0      3      0      2      0      0
      0      0      0    110    303    159     28      6      0      0      1      1      0      0      0
      0      0      0     89    128   3024    482    158    121      9     27      2      0      0      0
      0      0      0      6     12    269    309    341     69     33     22      0      0      0      0
      0      0      0      0      4     23    114    261    195     89    105     17     59      0     21
      0      0      0      6      0      2     32    288    340    410     95      0      0      0      0
      0      0      0     10      0     12     29    373    671   2616    806      7      0      0      0
      0      0      0     14      0      2      4     85    120   1164   6214    263     59      1      3
      0      0      1     64      0     11      0      7     35     17    703   1107    250      5      6
      0      0      0     13      0      4      4      5      5     11    150    262   1425    143     98
      0      0      0      5      0      1      0      1      0      1     10      6    194    610    364
      0      0      0      5      0      3      0      0      1      2     25      8    118    852   1443
Class Accuracy
C0: 0.7611
C1: 0.8978
C2: 0.8022
C3: 0.9497
C4: 0.4984
C5: 0.7485
C6: 0.2912
C7: 0.2939
C8: 0.2899
C9: 0.5782
C10: 0.7837
C11: 0.5018
C12: 0.6722
C13: 0.5117
C14: 0.5873
epoch: 27
loss: 0.1650	 train_acc: 0.9389	 test_acc: 0.7277
Confusion_Matrix
    988    241     81      0      0      0      0      0      0      0      0      0      0      0      0
    278   5430    150      0      0      0      0      0      0      0      0      2      0      0      0
    103    107    690     23      0      0      0      0      0      0      0      2      0      0      0
      0     10      8   3866    111     55      0     33      0      0      5      4      7      0      0
      0      0      0    105    274    197     24      5      0      0      2      1      0      0      0
      0      0      0     88     94   3292    341    102     55     17     43      7      1      0      0
      0      0      0      5      6    294    359    243     23     97     33      1      0      0      0
      0      0      0      0      3     44    118    246    123    129    118     27     70      0     10
      0      0      0      1      0      2     37    258    164    513    196      2      0      0      0
      0      0      0      6      0      3     32    259    347   2669   1186     22      0      0      0
      0      0      0      2      0      4      2     36     57    776   6533    464     54      0      1
      0      0      0     33      0      4      0      1      8      6    513   1358    281      2      0
      0      0      0      9      0      1      0      1      2      8     97    288   1594     88     32
      0      0      0      5      0      0      0      0      0      0      9      4    288    609    277
      0      0      0      7      0      1      0      0      1      3     20     15    180    907   1323
Class Accuracy
C0: 0.7542
C1: 0.9266
C2: 0.7459
C3: 0.9432
C4: 0.4507
C5: 0.8149
C6: 0.3384
C7: 0.2770
C8: 0.1398
C9: 0.5900
C10: 0.8239
C11: 0.6156
C12: 0.7519
C13: 0.5109
C14: 0.5385
epoch: 28
loss: 0.1577	 train_acc: 0.9421	 test_acc: 0.7162
Confusion_Matrix
   1118    137     55      0      0      0      0      0      0      0      0      0      0      0      0
    484   5224    131     18      0      0      0      0      0      0      0      3      0      0      0
    150     86    658     29      0      0      0      0      0      0      0      2      0      0      0
      0     10      4   3931     49     53      2     41      0      0      4      5      0      0      0
      0      0      0    141    237    184     36      6      1      0      2      1      0      0      0
      0      0      0    120     55   3226    329    104    132     15     42     17      0      0      0
      0      0      0      2      4    243    244    381     70     81     36      0      0      0      0
      0      0      0      1      0     66     75    264    116    110    162     29     48      0     17
      0      0      0      1      0      3     17    221    270    440    221      0      0      0      0
      0      0      0      0      0      4      3    237    709   2433   1113     25      0      0      0
      0      0      0      4      0      2      2     27     88    751   6551    441     62      1      0
      0      0      0     22      0      7      0      3      6      4    554   1361    248      1      0
      0      0      0     10      0      1      0      0      2      5    129    332   1515     82     44
      0      0      0      5      0      0      0      0      0      0     15      9    278    634    251
      0      0      0     10      0      1      0      0      0      2     24     16    155    985   1264
Class Accuracy
C0: 0.8534
C1: 0.8915
C2: 0.7114
C3: 0.9590
C4: 0.3898
C5: 0.7985
C6: 0.2300
C7: 0.2973
C8: 0.2302
C9: 0.5378
C10: 0.8262
C11: 0.6170
C12: 0.7146
C13: 0.5319
C14: 0.5144
epoch: 29
loss: 0.1530	 train_acc: 0.9429	 test_acc: 0.7215
Confusion_Matrix
   1050    158    102      0      0      0      0      0      0      0      0      0      0      0      0
    362   5324    171      0      0      0      0      0      0      0      0      3      0      0      0
     85     92    720     26      0      0      0      0      0      0      0      2      0      0      0
      0     11      8   3892    108     35      0     34      0      0      4      0      7      0      0
      0      0      0    123    312    155      9      6      0      0      1      2      0      0      0
      0      0      0     89    110   3443    164     81     61     36     33     22      1      0      0
      0      0      0      5      8    445    222    213     64     70     31      3      0      0      0
      0      0      0      0      0     57    105    253    119    112    130     26     73      0     13
      0      0      0      2      0     10     31    278    250    449    152      1      0      0      0
      0      0      0      3      0     10     28    242    803   2464    952     22      0      0      0
      0      0      0      1      0      8      5     56     78    884   6401    409     84      2      1
      0      0      2     34      0      4      0      0      6      4    591   1272    291      2      0
      0      0      0     10      0      0      0      1      2      2     83    305   1572    106     39
      0      0      0      6      0      0      0      0      0      1      6      5    283    610    281
      0      0      0      6      0      0      0      0      1      2     14     11    163    901   1359
Class Accuracy
C0: 0.8015
C1: 0.9085
C2: 0.7784
C3: 0.9495
C4: 0.5132
C5: 0.8522
C6: 0.2092
C7: 0.2849
C8: 0.2131
C9: 0.5447
C10: 0.8073
C11: 0.5766
C12: 0.7415
C13: 0.5117
C14: 0.5531
epoch: 30
loss: 0.1497	 train_acc: 0.9450	 test_acc: 0.7241
Confusion_Matrix
   1125    132     53      0      0      0      0      0      0      0      0      0      0      0      0
    532   5226     96      2      0      0      0      0      0      0      0      4      0      0      0
    141    111    645     26      0      0      0      0      0      0      0      2      0      0      0
      0      9      7   3922     78     32      1     40      0      0      3      7      0      0      0
      0      0      0    138    280    157     23      6      1      0      1      2      0      0      0
      0      0      0    107     74   2993    535    164    105     14     37     11      0      0      0
      0      0      0      5      4    208    331    335     65     75     37      0      1      0      0
      0      0      0      0      0     34    103    259    133    128    132     19     62      0     18
      0      0      0      1      0      4     32    240    251    417    226      2      0      0      0
      0      0      0      8      0      4     32    152    461   2533   1316     18      0      0      0
      0      0      0      2      0      5      3     37     83    632   6636    467     63      0      1
      0      0      2     34      0      4      1      6      2      4    500   1403    248      1      1
      0      0      0      9      0      0      0      5      2      5     99    328   1554     61     57
      0      0      0      6      0      0      0      0      0      0      9      7    289    482    399
      0      0      0      5      0      1      0      0      1      2     18     21    196    606   1607
Class Accuracy
C0: 0.8588
C1: 0.8918
C2: 0.6973
C3: 0.9568
C4: 0.4605
C5: 0.7408
C6: 0.3120
C7: 0.2917
C8: 0.2140
C9: 0.5599
C10: 0.8369
C11: 0.6360
C12: 0.7330
C13: 0.4044
C14: 0.6540
