epoch: 1
loss: 0.9720	 loss1: 0.9240	 loss2: 0.0480	 train_acc: 0.6666	 test_acc: 0.6831
Confusion_Matrix
    745    546     19      0      0      0      0      0      0      0      0      0      0      0      0
    110   4853    897      0      0      0      0      0      0      0      0      0      0      0      0
      6     85    814     20      0      0      0      0      0      0      0      0      0      0      0
      0      8     38   3956      6     91      0      0      0      0      0      0      0      0      0
      0      1      0    168     10    429      0      0      0      0      0      0      0      0      0
      0      1      0     28      6   3924     17      0      0     63      1      0      0      0      0
      0      0      0      0      0    823     56      0     16    166      0      0      0      0      0
      0      0      0      0      0    295     55      0     37    352     51     56     42      0      0
      0      0      0      0      0    168     29      0     42    871     45     18      0      0      0
      0      0      0      0      0    166     22      0      9   3874    405     48      0      0      0
      0      0      0      0      0     50     35      0     28   1898   4776   1129     13      0      0
      0      0      0      0      0     14     25      0     10     21    173   1855    108      0      0
      0      0      0      0      0      0      0      0      7      4     68    874   1067     94      6
      0      0      0      0      0      0      0      0      0      1      1    139    326    340    385
      0      0      0      0      0      0      0      0      0      0      2    133    326    718   1278
Class Accuracy
C0: 0.5687
C1: 0.8282
C2: 0.8800
C3: 0.9651
C4: 0.0164
C5: 0.9713
C6: 0.0528
C7: 0.0000
C8: 0.0358
C9: 0.8563
C10: 0.6023
C11: 0.8409
C12: 0.5033
C13: 0.2852
C14: 0.5201
epoch: 2
loss: 0.6843	 loss1: 0.6787	 loss2: 0.0056	 train_acc: 0.7444	 test_acc: 0.7406
Confusion_Matrix
    719    573     18      0      0      0      0      0      0      0      0      0      0      0      0
    106   5702     50      2      0      0      0      0      0      0      0      0      0      0      0
      6    145    751     23      0      0      0      0      0      0      0      0      0      0      0
      0     16     21   4017     28     17      0      0      0      0      0      0      0      0      0
      0      0      0    251     88    269      0      0      0      0      0      0      0      0      0
      0      1      0     78     71   3714     44     39      0     54      2     37      0      0      0
      0      0      0      3      2    681    151     80      9    135      0      0      0      0      0
      0      0      0      3      3    196     82    124     46    244     81     40     68      0      1
      0      0      0      0      0     71     52    123      9    749    133     36      0      0      0
      0      0      0      1      0     52     19    135     28   3589    647     53      0      0      0
      0      0      0      2      0     11     20     83      4   1043   5763    985     18      0      0
      0      0      0      0      0      4      0      0      0      0    197   1825    180      0      0
      0      0      0      0      0      0      0      0      0      0     42    514   1531     21     12
      0      0      0      0      0      0      0      0      0      0      0     31    543    129    489
      0      0      0      0      0      0      0      0      0      0      0     44    506    104   1803
Class Accuracy
C0: 0.5489
C1: 0.9730
C2: 0.8119
C3: 0.9800
C4: 0.1447
C5: 0.9193
C6: 0.1423
C7: 0.1396
C8: 0.0077
C9: 0.7933
C10: 0.7268
C11: 0.8273
C12: 0.7222
C13: 0.1082
C14: 0.7338
epoch: 3
loss: 0.6122	 loss1: 0.6076	 loss2: 0.0046	 train_acc: 0.7686	 test_acc: 0.7312
Confusion_Matrix
    941    359      9      1      0      0      0      0      0      0      0      0      0      0      0
    210   5589     59      2      0      0      0      0      0      0      0      0      0      0      0
     13    151    733     28      0      0      0      0      0      0      0      0      0      0      0
      0     21      7   3957     45     69      0      0      0      0      0      0      0      0      0
      0      1      0    132    123    352      0      0      0      0      0      0      0      0      0
      0      1      0     28     35   3880     11     61      2      7      3     12      0      0      0
      0      0      0      2      0    751    128    151     13     16      0      0      0      0      0
      0      0      0      0      0    273     34    183     91    135     63     44     46      0     19
      0      0      0      0      0    150     22    212    114    576     68     31      0      0      0
      0      0      0      0      0    122     25    406    348   3218    349     56      0      0      0
      0      0      0      0      0     37      4     63    149   1382   5343    919     26      0      6
      0      0      0      0      0      1      0      3      2      0    203   1821    176      0      0
      0      0      0      0      0      0      0      0      0      0     36    581   1381     23     99
      0      0      0      0      0      0      0      0      0      0      0     23    329    148    692
      0      0      0      0      0      0      0      0      0      0      0     28    228    224   1977
Class Accuracy
C0: 0.7183
C1: 0.9538
C2: 0.7924
C3: 0.9654
C4: 0.2023
C5: 0.9604
C6: 0.1206
C7: 0.2061
C8: 0.0972
C9: 0.7113
C10: 0.6739
C11: 0.8255
C12: 0.6514
C13: 0.1242
C14: 0.8046
epoch: 4
loss: 0.5547	 loss1: 0.5502	 loss2: 0.0044	 train_acc: 0.7896	 test_acc: 0.7305
Confusion_Matrix
    964    336     10      0      0      0      0      0      0      0      0      0      0      0      0
    227   5586     47      0      0      0      0      0      0      0      0      0      0      0      0
     15    175    724     11      0      0      0      0      0      0      0      0      0      0      0
      0     80     43   3932     37      7      0      0      0      0      0      0      0      0      0
      0      1      0    205    238    164      0      0      0      0      0      0      0      0      0
      0      1      0     98    202   3551     80     42      1     19      5     41      0      0      0
      0      0      0      8     22    617    243     75      2     87      7      0      0      0      0
      0      0      0      9      6    162    175    123     41    130    135     31     66     10      0
      0      1      0      5      1     45    165    138      5    544    215     54      0      0      0
      0      1      0      2      0     28    137    232     39   2841   1187     57      0      0      0
      0     16      0      0      0      6     57    103     13    546   6316    783     89      0      0
      0      0      0      0      0      0      0      1      0     18    231   1607    348      1      0
      0      0      0      0      0      0      0      0      0      0     72    231   1763     53      1
      0      0      0      0      0      0      0      0      0      0      0      4    412    566    210
      0      0      0      0      0      0      0      0      0      0      1     31    331   1047   1047
Class Accuracy
C0: 0.7359
C1: 0.9532
C2: 0.7827
C3: 0.9593
C4: 0.3914
C5: 0.8790
C6: 0.2290
C7: 0.1385
C8: 0.0043
C9: 0.6280
C10: 0.7966
C11: 0.7285
C12: 0.8316
C13: 0.4748
C14: 0.4261
epoch: 5
loss: 0.5029	 loss1: 0.4989	 loss2: 0.0040	 train_acc: 0.8097	 test_acc: 0.7602
Confusion_Matrix
   1008    292     10      0      0      0      0      0      0      0      0      0      0      0      0
    306   5453     98      3      0      0      0      0      0      0      0      0      0      0      0
     12    100    792     21      0      0      0      0      0      0      0      0      0      0      0
      0     16     19   3989     45     30      0      0      0      0      0      0      0      0      0
      0      1      0    170    231    206      0      0      0      0      0      0      0      0      0
      0      1      0     33     91   3725     47     80      1     41      4     17      0      0      0
      0      0      0      7      7    560    257    124      6     99      1      0      0      0      0
      0      0      0      2      1    113    152    144     25    233    111     30     55     22      0
      0      0      0      2      0     52     53     97     21    779    143     26      0      0      0
      0      0      0      0      0     15     21     53    103   3510    791     31      0      0      0
      0      0      0      0      0      3      3     26     44   1080   6099    547    117      0     10
      0      0      0      0      0      0      0      0      0      4    383   1525    290      1      3
      0      0      0      0      0      0      0      0      0      0     43    314   1592    101     70
      0      0      0      0      0      0      0      0      0      0      0     11    251    399    531
      0      0      0      0      0      0      0      0      0      0      0     29    172    297   1959
Class Accuracy
C0: 0.7695
C1: 0.9305
C2: 0.8562
C3: 0.9732
C4: 0.3799
C5: 0.9220
C6: 0.2422
C7: 0.1622
C8: 0.0179
C9: 0.7759
C10: 0.7692
C11: 0.6913
C12: 0.7509
C13: 0.3347
C14: 0.7973
epoch: 6
loss: 0.4545	 loss1: 0.4513	 loss2: 0.0032	 train_acc: 0.8283	 test_acc: 0.7532
Confusion_Matrix
    682    618      9      1      0      0      0      0      0      0      0      0      0      0      0
     79   5719     50     12      0      0      0      0      0      0      0      0      0      0      0
      1    119    728     77      0      0      0      0      0      0      0      0      0      0      0
      0      7      1   3990     53     48      0      0      0      0      0      0      0      0      0
      0      0      0    144    148    313      2      1      0      0      0      0      0      0      0
      0      1      0     16     26   3656    170    135      3     24      4      5      0      0      0
      0      0      0      2      0    463    355    111     15    111      4      0      0      0      0
      0      0      0      0      0     55    215    104     70    221    115     27     68     13      0
      0      0      0      0      0      6    127     48     84    722    178      8      0      0      0
      0      0      0      0      0      1     35     60    137   3367    888     36      0      0      0
      0      0      0      0      0      1      8     21     38    834   6072    816    139      0      0
      0      0      0      0      0      0      0      0      0      5    182   1656    363      0      0
      0      0      0      0      0      0      0      0      0      0     12    272   1724    101     11
      0      0      0      0      0      0      0      0      0      0      0      3    336    710    143
      0      0      0      0      0      0      0      0      0      0      0     37    246    745   1429
Class Accuracy
C0: 0.5206
C1: 0.9759
C2: 0.7870
C3: 0.9734
C4: 0.2434
C5: 0.9050
C6: 0.3346
C7: 0.1171
C8: 0.0716
C9: 0.7443
C10: 0.7658
C11: 0.7507
C12: 0.8132
C13: 0.5956
C14: 0.5816
epoch: 7
loss: 0.4127	 loss1: 0.4099	 loss2: 0.0028	 train_acc: 0.8456	 test_acc: 0.7347
Confusion_Matrix
    971    329     10      0      0      0      0      0      0      0      0      0      0      0      0
    265   5534     60      1      0      0      0      0      0      0      0      0      0      0      0
     11    111    770     33      0      0      0      0      0      0      0      0      0      0      0
      0      9      9   4039     38      4      0      0      0      0      0      0      0      0      0
      0      0      0    244    245    111      7      1      0      0      0      0      0      0      0
      0      0      0    131    329   3277    118     86     53      5      9     32      0      0      0
      0      0      0     13     10    436    235    229     46     89      1      2      0      0      0
      0      0      0      7      5     60     86    180    177    121    192     16     24     20      0
      0      0      0      3      1     13     21    160    177    468    309     21      0      0      0
      0      0      0      3      0      3      5     88    330   2437   1625     33      0      0      0
      0      0      0      0      0      2      2     11     66    465   6782    588     13      0      0
      0      0      0      0      0      0      0      0      0      1    455   1584    163      3      0
      0      0      0      0      0      0      0      0      0      0    115    416   1362    220      7
      0      0      0      0      0      0      0      0      0      0      1     17    213    837    124
      0      0      0      0      0      0      0      0      0      4      2     39    157   1009   1246
Class Accuracy
C0: 0.7412
C1: 0.9444
C2: 0.8324
C3: 0.9854
C4: 0.4030
C5: 0.8111
C6: 0.2215
C7: 0.2027
C8: 0.1509
C9: 0.5387
C10: 0.8553
C11: 0.7180
C12: 0.6425
C13: 0.7022
C14: 0.5071
epoch: 8
loss: 0.3790	 loss1: 0.3764	 loss2: 0.0026	 train_acc: 0.8568	 test_acc: 0.7239
Confusion_Matrix
    739    553     18      0      0      0      0      0      0      0      0      0      0      0      0
    117   5694     48      1      0      0      0      0      0      0      0      0      0      0      0
      0    146    746     33      0      0      0      0      0      0      0      0      0      0      0
      0     16      3   4030     36     11      3      0      0      0      0      0      0      0      0
      0      1      0    307    143    157      0      0      0      0      0      0      0      0      0
      0      1      0     96    150   3417    196    114     28      8      4     26      0      0      0
      0      0      0     15     12    486    246    270     23      8      1      0      0      0      0
      0      0      0      6      3     70    131    191    163     73    152     22     56     21      0
      0      0      0      2      2     33     32    258    269    339    234      4      0      0      0
      0      0      0      0      2      2     21    333    831   2195   1116     24      0      0      0
      0      0      0      0      1      0      5     71    161    666   6340    523    134      0     28
      0      0      0      0      0      0      0      0      1      1    406   1424    352      0     22
      0      0      0      0      0      0      0      0      0      0     31    224   1577    231     57
      0      0      0      0      0      0      0      0      0      0      0      3    216    696    277
      0      0      0      0      0      0      0      0      0      0      0      7    144    772   1534
Class Accuracy
C0: 0.5641
C1: 0.9717
C2: 0.8065
C3: 0.9832
C4: 0.2352
C5: 0.8458
C6: 0.2319
C7: 0.2151
C8: 0.2293
C9: 0.4852
C10: 0.7996
C11: 0.6455
C12: 0.7439
C13: 0.5839
C14: 0.6243
epoch: 9
loss: 0.3478	 loss1: 0.3456	 loss2: 0.0022	 train_acc: 0.8705	 test_acc: 0.7340
Confusion_Matrix
    780    501     29      0      0      0      0      0      0      0      0      0      0      0      0
    160   5634     65      1      0      0      0      0      0      0      0      0      0      0      0
      8    107    780     30      0      0      0      0      0      0      0      0      0      0      0
      0     11      7   3883    146     35     17      0      0      0      0      0      0      0      0
      0      1      0    120    247    220     20      0      0      0      0      0      0      0      0
      0      1      0      8     55   3410    302    205      6     33      4     16      0      0      0
      0      0      0      0      1    354    293    279      9    124      1      0      0      0      0
      0      0      0      0      0     40    124    174     53    149    256     16     61     15      0
      0      0      0      0      0      3     48    189    110    595    228      0      0      0      0
      0      0      0      0      0      1     13    270    265   2792   1170     13      0      0      0
      0      0      0      0      0      0      4     37     29    861   6456    465     77      0      0
      0      0      0      0      0      0      0      0      0      3    510   1486    207      0      0
      0      0      0      0      0      0      0      0      0      0     27    427   1530    131      5
      0      0      0      0      0      0      0      0      0      0      0     11    276    827     78
      0      0      0      0      0      0      0      0      0      5      1     17    199    990   1245
Class Accuracy
C0: 0.5954
C1: 0.9614
C2: 0.8432
C3: 0.9473
C4: 0.4062
C5: 0.8441
C6: 0.2762
C7: 0.1959
C8: 0.0938
C9: 0.6172
C10: 0.8142
C11: 0.6736
C12: 0.7217
C13: 0.6938
C14: 0.5067
epoch: 10
loss: 0.3227	 loss1: 0.3207	 loss2: 0.0020	 train_acc: 0.8800	 test_acc: 0.7269
Confusion_Matrix
    694    603     13      0      0      0      0      0      0      0      0      0      0      0      0
    110   5596    153      1      0      0      0      0      0      0      0      0      0      0      0
      4     86    803     32      0      0      0      0      0      0      0      0      0      0      0
      0      4      4   3998     57     20     16      0      0      0      0      0      0      0      0
      0      0      0    271    145    191      1      0      0      0      0      0      0      0      0
      0      0      0     66     56   3632     92    143     11     12      5     23      0      0      0
      0      0      0      5      8    523    257    179     26     63      0      0      0      0      0
      0      0      0      1      0     71    169    139    123    118    165     18     84      0      0
      0      0      0      0      0     47     86    121    272    384    245     18      0      0      0
      0      0      0      0      0      8     24    164    921   2198   1186     23      0      0      0
      0      0      0      0      0      2     12     41    116    591   6485    598     83      0      1
      0      0      0      0      0      0      0      0      0      0    404   1492    310      0      0
      0      0      0      0      0      0      0      0      0      0     49    313   1672     68     18
      0      0      0      0      0      0      0      0      0      0      0      7    396    529    260
      0      0      0      0      0      0      0      0      0      0      0     20    282    705   1450
Class Accuracy
C0: 0.5298
C1: 0.9549
C2: 0.8681
C3: 0.9754
C4: 0.2385
C5: 0.8990
C6: 0.2422
C7: 0.1565
C8: 0.2319
C9: 0.4859
C10: 0.8179
C11: 0.6763
C12: 0.7887
C13: 0.4438
C14: 0.5902
epoch: 11
loss: 0.2962	 loss1: 0.2946	 loss2: 0.0016	 train_acc: 0.8903	 test_acc: 0.7210
Confusion_Matrix
    728    572     10      0      0      0      0      0      0      0      0      0      0      0      0
    128   5634     98      0      0      0      0      0      0      0      0      0      0      0      0
      2    114    776     33      0      0      0      0      0      0      0      0      0      0      0
      0      7      7   3871    132     57     25      0      0      0      0      0      0      0      0
      0      1      0     80    217    256     52      2      0      0      0      0      0      0      0
      0      1      0      9     53   2873    847    192     27     33      5      0      0      0      0
      0      0      0      0      1    226    453    255     60     66      0      0      0      0      0
      0      0      0      0      0     28    172     78    191    187    144     18     47     23      0
      0      0      0      0      0      6     70     86    266    584    161      0      0      0      0
      0      0      0      0      0      1     22     97    682   2926    783     13      0      0      0
      0      0      0      0      0      0      8     10    117   1022   6210    523     39      0      0
      0      0      0      0      0      0      0      0      1     30    435   1480    260      0      0
      0      0      0      0      0      0      0      0      0      0     53    319   1453    259     36
      0      0      0      0      0      0      0      0      0      0      2      5    201    775    209
      0      0      0      0      0      0      0      0      0      0      0      2    101    970   1384
Class Accuracy
C0: 0.5557
C1: 0.9614
C2: 0.8389
C3: 0.9444
C4: 0.3569
C5: 0.7111
C6: 0.4270
C7: 0.0878
C8: 0.2268
C9: 0.6468
C10: 0.7832
C11: 0.6709
C12: 0.6854
C13: 0.6502
C14: 0.5633
epoch: 12
loss: 0.2762	 loss1: 0.2748	 loss2: 0.0014	 train_acc: 0.8968	 test_acc: 0.7282
Confusion_Matrix
    859    428     23      0      0      0      0      0      0      0      0      0      0      0      0
    177   5616     67      0      0      0      0      0      0      0      0      0      0      0      0
      3    127    771     24      0      0      0      0      0      0      0      0      0      0      0
      0     11      2   4032     21     18     15      0      0      0      0      0      0      0      0
      0      1      0    251    178    143     33      2      0      0      0      0      0      0      0
      0      0      0     98    161   3331    220    193     14     12      4      7      0      0      0
      0      0      0      8     15    383    266    324     23     41      1      0      0      0      0
      0      0      0      3      2     54    138    209     91    183    113     18     61     16      0
      0      0      0      2      1     22     25    258    233    470    154      8      0      0      0
      0      0      0      2      0      3     19    394    716   2361   1018     11      0      0      0
      0      1      0      5      0      1      7    111    138    753   6295    551     66      1      0
      0      0      0      0      0      0      2      1      2      7    431   1507    254      2      0
      0      0      0      0      0      0      0      4      0      1     26    425   1504    138     22
      0      0      0      0      0      0      0      0      0      0      0     15    229    632    316
      0      0      0      0      0      0      0      0      0      0      0      2    169    665   1621
Class Accuracy
C0: 0.6557
C1: 0.9584
C2: 0.8335
C3: 0.9837
C4: 0.2928
C5: 0.8245
C6: 0.2507
C7: 0.2354
C8: 0.1986
C9: 0.5219
C10: 0.7939
C11: 0.6831
C12: 0.7094
C13: 0.5302
C14: 0.6597
epoch: 13
loss: 0.2584	 loss1: 0.2570	 loss2: 0.0014	 train_acc: 0.9040	 test_acc: 0.7325
Confusion_Matrix
    837    462     11      0      0      0      0      0      0      0      0      0      0      0      0
    201   5590     69      0      0      0      0      0      0      0      0      0      0      0      0
      0    123    772     30      0      0      0      0      0      0      0      0      0      0      0
      0      8      6   4001     42     19     23      0      0      0      0      0      0      0      0
      0      0      0    282    149    165     12      0      0      0      0      0      0      0      0
      0      0      0     76    109   3518    158    106     29     16      6     22      0      0      0
      0      0      0      9      8    467    314    185     37     40      1      0      0      0      0
      0      0      0      1      0     61    193    144     87     77    233     31     45     16      0
      0      0      0      0      0     37    109    152    278    334    242     21      0      0      0
      0      0      0      1      1      3    127    309    759   2010   1286     28      0      0      0
      0      0      0      1      0      4     13     26    111    549   6516    642     64      2      1
      0      0      0      0      0      0      0      0      0     17    295   1600    292      2      0
      0      0      0      0      0      0      0      0      0      0     28    290   1461    296     45
      0      0      0      0      0      0      0      0      0      0      2      7    174    752    257
      0      0      0      0      0      0      0      0      0      0      0      1     85    726   1645
Class Accuracy
C0: 0.6389
C1: 0.9539
C2: 0.8346
C3: 0.9761
C4: 0.2451
C5: 0.8708
C6: 0.2959
C7: 0.1622
C8: 0.2370
C9: 0.4443
C10: 0.8218
C11: 0.7253
C12: 0.6892
C13: 0.6309
C14: 0.6695
epoch: 14
loss: 0.2395	 loss1: 0.2383	 loss2: 0.0012	 train_acc: 0.9112	 test_acc: 0.7412
Confusion_Matrix
    981    314     15      0      0      0      0      0      0      0      0      0      0      0      0
    377   5385     98      0      0      0      0      0      0      0      0      0      0      0      0
      6     90    797     32      0      0      0      0      0      0      0      0      0      0      0
      0      6      9   3961     73     32     18      0      0      0      0      0      0      0      0
      0      1      0    130    274    202      1      0      0      0      0      0      0      0      0
      0      0      0     46    114   3688     59    118      0     12      3      0      0      0      0
      0      0      0      1      3    565    212    233      4     43      0      0      0      0      0
      0      0      0      0      1    108    138    211     48    151    137     23     52     10      9
      0      0      0      0      0    102     36    244    130    426    199     36      0      0      0
      0      0      0      0      0     61     13    461    238   2905    821     25      0      0      0
      0      0      0      0      0     15      1     93     16    897   6184    615    103      4      1
      0      0      0      0      0      0      0      0      0      4    379   1528    292      3      0
      0      0      0      0      0      0      0      0      0      0     37    375   1420    266     22
      0      0      0      0      0      0      0      0      0      0      2      8    181    726    275
      0      0      0      0      0      0      0      0      0      0      0      0     68    853   1536
Class Accuracy
C0: 0.7489
C1: 0.9189
C2: 0.8616
C3: 0.9663
C4: 0.4507
C5: 0.9129
C6: 0.1998
C7: 0.2376
C8: 0.1108
C9: 0.6421
C10: 0.7799
C11: 0.6927
C12: 0.6698
C13: 0.6091
C14: 0.6252
epoch: 15
loss: 0.2240	 loss1: 0.2229	 loss2: 0.0011	 train_acc: 0.9173	 test_acc: 0.7281
Confusion_Matrix
    898    400     12      0      0      0      0      0      0      0      0      0      0      0      0
    197   5579     81      3      0      0      0      0      0      0      0      0      0      0      0
      1    106    783     35      0      0      0      0      0      0      0      0      0      0      0
      0      6      4   3888    162     15     23      1      0      0      0      0      0      0      0
      0      0      0    113    255    196     43      1      0      0      0      0      0      0      0
      0      0      0     24     81   3286    400    182     32     25     10      0      0      0      0
      0      0      0      3      5    335    328    210     73     70     37      0      0      0      0
      0      0      0      1      0     42     89    176     83    159    242     24     61     11      0
      0      0      0      0      0     11     29    147    237    371    378      0      0      0      0
      0      0      0      0      0      3     11    130    351   2175   1844     10      0      0      0
      0      0      0      0      0      1      2     22     35    484   6724    509    152      0      0
      0      0      0      0      0      0      0      0      0      0    433   1456    317      0      0
      0      0      0      0      0      0      0      0      0      0     15    295   1651    145     14
      0      0      0      0      0      0      0      0      0      0      0      7    264    705    216
      0      0      0      0      0      0      0      0      0      0      0      1    191    997   1268
Class Accuracy
C0: 0.6855
C1: 0.9520
C2: 0.8465
C3: 0.9485
C4: 0.4194
C5: 0.8134
C6: 0.3091
C7: 0.1982
C8: 0.2020
C9: 0.4808
C10: 0.8480
C11: 0.6600
C12: 0.7788
C13: 0.5914
C14: 0.5161
epoch: 16
loss: 0.2094	 loss1: 0.2084	 loss2: 0.0010	 train_acc: 0.9229	 test_acc: 0.7355
Confusion_Matrix
    856    406     48      0      0      0      0      0      0      0      0      0      0      0      0
    209   5457    194      0      0      0      0      0      0      0      0      0      0      0      0
      8     79    817     21      0      0      0      0      0      0      0      0      0      0      0
      0      7     19   3942     76     52      3      0      0      0      0      0      0      0      0
      0      0      0    164    246    197      0      1      0      0      0      0      0      0      0
      0      0      0     62    119   3423    168    178     45     21      6     18      0      0      0
      0      1      0      7     17    395    276    279     14     71      1      0      0      0      0
      0      0      0      2      2     86    102    171     98    181    165     15     48     18      0
      0      0      0      0      3     35     45    194    257    368    271      0      0      0      0
      0      0      0      0      0     12     23    246    438   2637   1149     19      0      0      0
      0      0      0      0      0      3      3     74    133    603   6593    426     94      0      0
      0      0      0      0      0      0      0      0      0     21    593   1316    274      0      2
      0      0      0      0      0      0      0      0      0      0     43    334   1533    112     98
      0      0      0      0      0      0      0      0      0      0      1     13    244    625    309
      0      0      0      0      0      0      0      0      0      0      0      3    162    734   1558
Class Accuracy
C0: 0.6534
C1: 0.9312
C2: 0.8832
C3: 0.9617
C4: 0.4046
C5: 0.8473
C6: 0.2601
C7: 0.1926
C8: 0.2191
C9: 0.5829
C10: 0.8315
C11: 0.5966
C12: 0.7231
C13: 0.5243
C14: 0.6341
epoch: 17
loss: 0.1955	 loss1: 0.1945	 loss2: 0.0009	 train_acc: 0.9274	 test_acc: 0.7377
Confusion_Matrix
    933    366     11      0      0      0      0      0      0      0      0      0      0      0      0
    237   5551     72      0      0      0      0      0      0      0      0      0      0      0      0
      7    110    782     26      0      0      0      0      0      0      0      0      0      0      0
      0     17      9   3983     41     47      2      0      0      0      0      0      0      0      0
      0      0      0    139    240    184     43      2      0      0      0      0      0      0      0
      0      0      0     64     97   3269    401    144     41     17      5      2      0      0      0
      0      0      0     19      0    289    311    279     52    101     10      0      0      0      0
      0      0      0      1      1     35    118    209    107    167    152     26     51     18      3
      0      0      0      0      1     13     35    182    266    440    200     35      0      0      1
      0      0      0      0      0      4     13    227    602   2657    996     25      0      0      0
      0      0      0      0      0     23      2     47    109    725   6362    551    104      3      3
      0      0      0      0      0      0      0      0      2      7    449   1402    331      2     13
      0      0      0      0      0      0      0      1      0      0     28    259   1578    224     30
      0      0      0      0      0      0      0      0      0      0      2      6    194    644    346
      0      0      0      0      0      0      0      0      0      0      0      1     99    745   1612
Class Accuracy
C0: 0.7122
C1: 0.9473
C2: 0.8454
C3: 0.9717
C4: 0.3947
C5: 0.8092
C6: 0.2931
C7: 0.2354
C8: 0.2268
C9: 0.5873
C10: 0.8024
C11: 0.6355
C12: 0.7443
C13: 0.5403
C14: 0.6561
epoch: 18
loss: 0.1841	 loss1: 0.1832	 loss2: 0.0009	 train_acc: 0.9318	 test_acc: 0.7334
Confusion_Matrix
    888    376     46      0      0      0      0      0      0      0      0      0      0      0      0
    259   5442    151      8      0      0      0      0      0      0      0      0      0      0      0
      3     69    816     37      0      0      0      0      0      0      0      0      0      0      0
      0      5      3   3959     84     45      3      0      0      0      0      0      0      0      0
      0      0      0    156    292    127     33      0      0      0      0      0      0      0      0
      0      0      0     36    141   3473    185    164     20     17      4      0      0      0      0
      0      0      0      3      2    399    305    287     25     39      1      0      0      0      0
      0      0      0      0      1     71    144    186     53    220    117     24     51     21      0
      0      0      0      0      3     55     71    208    173    480    182      1      0      0      0
      0      0      0      0      0      9     32    472    385   2655    962      9      0      0      0
      0      0      0      0      0     19     20     74     38    761   6405    526     68     16      2
      0      0      0      0      0      0      1      1      0      7    482   1448    240     11     16
      0      0      0      0      0      0      0      1      0      0     30    389   1488    190     22
      0      0      0      0      0      0      0      0      0      0      1     12    237    629    313
      0      0      0      0      0      0      0      0      0      0      0      4    135    853   1465
Class Accuracy
C0: 0.6779
C1: 0.9287
C2: 0.8822
C3: 0.9658
C4: 0.4803
C5: 0.8597
C6: 0.2875
C7: 0.2095
C8: 0.1475
C9: 0.5869
C10: 0.8078
C11: 0.6564
C12: 0.7019
C13: 0.5277
C14: 0.5963
epoch: 19
loss: 0.1716	 loss1: 0.1709	 loss2: 0.0007	 train_acc: 0.9361	 test_acc: 0.7165
Confusion_Matrix
    820    463     27      0      0      0      0      0      0      0      0      0      0      0      0
    174   5607     79      0      0      0      0      0      0      0      0      0      0      0      0
      3    121    777     24      0      0      0      0      0      0      0      0      0      0      0
      0     11      7   3909    124     20     28      0      0      0      0      0      0      0      0
      0      0      0    184    250    117     57      0      0      0      0      0      0      0      0
      0      0      0     56    179   2831    689    161     70     28      6     20      0      0      0
      0      0      0      2      9    304    350    200     60    135      1      0      0      0      0
      0      0      0      1      1     62    122    144    110    188    166     18     34     42      0
      0      0      0      0      0     29     75    118    196    523    231      1      0      0      0
      0      0      0      0      0     14     18    197    542   2618   1104     31      0      0      0
      0      0      0      0      1     11      6     27     90    669   6387    616    110      0     12
      0      0      0      0      0      0      0      0      3     13    417   1445    302      2     24
      0      0      0      0      0      0      0      0      0      0     31    356   1405    263     65
      0      0      0      0      0      0      0      0      0      0      2     12    207    652    319
      0      0      0      0      0      0      0      0      0      0      0      5    131    771   1550
Class Accuracy
C0: 0.6260
C1: 0.9568
C2: 0.8400
C3: 0.9536
C4: 0.4112
C5: 0.7007
C6: 0.3299
C7: 0.1622
C8: 0.1671
C9: 0.5787
C10: 0.8055
C11: 0.6550
C12: 0.6627
C13: 0.5470
C14: 0.6309
epoch: 20
loss: 0.1615	 loss1: 0.1608	 loss2: 0.0007	 train_acc: 0.9399	 test_acc: 0.7209
Confusion_Matrix
    902    380     28      0      0      0      0      0      0      0      0      0      0      0      0
    226   5577     57      0      0      0      0      0      0      0      0      0      0      0      0
      4    126    768     27      0      0      0      0      0      0      0      0      0      0      0
      0     14      6   3989     61     13     16      0      0      0      0      0      0      0      0
      0      0      0    191    260    149      8      0      0      0      0      0      0      0      0
      0      0      0     68    132   3520    163     79     36     12     27      3      0      0      0
      0      0      0      6      7    444    298    166     45     93      2      0      0      0      0
      0      0      0      1      0     88    139    142    159     65    195     16     50     29      4
      0      0      0      0      2     44     99    165    348    242    266      7      0      0      0
      0      0      0      0      0     25     74    377   1014   1922   1078     34      0      0      0
      0      0      0      0      1     24     31     35    175    581   6301    715     61      3      2
      0      0      0      0      0      0      0      0      0      1    359   1598    227      7     14
      0      0      0      0      0      0      0      0      0      0     11    434   1303    275     97
      0      0      0      0      0      0      0      0      0      0      0     18    179    651    344
      0      0      0      0      0      0      0      0      0      0      0      4     98    814   1541
Class Accuracy
C0: 0.6885
C1: 0.9517
C2: 0.8303
C3: 0.9732
C4: 0.4276
C5: 0.8713
C6: 0.2809
C7: 0.1599
C8: 0.2967
C9: 0.4248
C10: 0.7947
C11: 0.7244
C12: 0.6146
C13: 0.5461
C14: 0.6272
epoch: 21
loss: 0.1503	 loss1: 0.1497	 loss2: 0.0006	 train_acc: 0.9445	 test_acc: 0.7432
Confusion_Matrix
    907    381     22      0      0      0      0      0      0      0      0      0      0      0      0
    247   5540     72      1      0      0      0      0      0      0      0      0      0      0      0
      0     96    804     25      0      0      0      0      0      0      0      0      0      0      0
      0      8      4   3960     87     27     13      0      0      0      0      0      0      0      0
      0      0      0    132    270    203      3      0      0      0      0      0      0      0      0
      0      0      0     16    118   3559    164    141     10     16      2     14      0      0      0
      0      0      0      3     13    437    250    242     16    100      0      0      0      0      0
      0      0      0      2      0     88    106    222     81    198    109      8     54     20      0
      0      0      0      0      2     64     38    189    164    514    181     21      0      0      0
      0      0      0      0      0     23      5    239    520   2947    762     28      0      0      0
      0      0      0      0      0      4      4     40     67    966   6142    567    129      9      1
      0      0      0      0      0      0      0      1      1      9    416   1389    371     16      3
      0      0      0      0      0      0      0      0      0      0     28    253   1479    245    115
      0      0      0      0      0      0      0      0      0      0      1      6    204    506    475
      0      0      0      0      0      0      0      0      0      0      0      0     88    490   1879
Class Accuracy
C0: 0.6924
C1: 0.9454
C2: 0.8692
C3: 0.9661
C4: 0.4441
C5: 0.8809
C6: 0.2356
C7: 0.2500
C8: 0.1398
C9: 0.6514
C10: 0.7746
C11: 0.6296
C12: 0.6976
C13: 0.4245
C14: 0.7648
epoch: 22
loss: 0.1423	 loss1: 0.1418	 loss2: 0.0005	 train_acc: 0.9471	 test_acc: 0.7218
Confusion_Matrix
    924    351     35      0      0      0      0      0      0      0      0      0      0      0      0
    243   5520     96      1      0      0      0      0      0      0      0      0      0      0      0
      8    102    789     26      0      0      0      0      0      0      0      0      0      0      0
      0     21      8   3951     87     30      2      0      0      0      0      0      0      0      0
      0      0      0    165    293    143      7      0      0      0      0      0      0      0      0
      0      0      0     49    250   3264    305    101     21     31     16      3      0      0      0
      0      0      0      9     19    389    263    269      9    102      1      0      0      0      0
      0      0      0      1      4     79     91    181     70    169    186     36     52     19      0
      0      0      0      0      5     69     39    166    150    485    244     15      0      0      0
      0      0      0      1      0     30     30    318    418   2534   1157     36      0      0      0
      0      0      0      0      0      7      3     66    124    729   6224    550    226      0      0
      0      0      0      0      0      0      0      0      0     22    408   1322    453      1      0
      0      0      0      0      0      0      0      0      0      0     18    274   1590    188     50
      0      0      0      0      0      0      0      0      0      0      0     11    268    520    393
      0      0      0      0      0      0      0      0      0      0      0      0    164    665   1628
Class Accuracy
C0: 0.7053
C1: 0.9420
C2: 0.8530
C3: 0.9639
C4: 0.4819
C5: 0.8079
C6: 0.2479
C7: 0.2038
C8: 0.1279
C9: 0.5601
C10: 0.7850
C11: 0.5993
C12: 0.7500
C13: 0.4362
C14: 0.6626
epoch: 23
loss: 0.1345	 loss1: 0.1340	 loss2: 0.0005	 train_acc: 0.9507	 test_acc: 0.7305
Confusion_Matrix
    772    495     43      0      0      0      0      0      0      0      0      0      0      0      0
    142   5601    113      4      0      0      0      0      0      0      0      0      0      0      0
      0     88    804     33      0      0      0      0      0      0      0      0      0      0      0
      0     15      5   3903    123     42     11      0      0      0      0      0      0      0      0
      0      0      1    151    331     90     35      0      0      0      0      0      0      0      0
      0      0      1     33    154   3421    284    117      9     10      6      5      0      0      0
      0      0      0      7     13    407    319    248     15     51      1      0      0      0      0
      0      0      0      3      1     88    136    172     55    178    175     19     43     18      0
      0      0      0      3      3     44     81    219    190    381    239     12      1      0      0
      0      0      0      2      0     47     21    473    234   2741    976     30      0      0      0
      0      0      0      1      0     17      4    111     59    718   6251    592    175      1      0
      0      0      0      0      0      0      0      1      2     21    479   1335    359      8      1
      0      0      0      0      0      0      0      0      0      0     37    280   1578    195     30
      0      0      0      0      0      0      0      0      0      0      0     12    270    586    324
      0      0      0      0      0      0      0      0      0      0      0      4    182    769   1502
Class Accuracy
C0: 0.5893
C1: 0.9558
C2: 0.8692
C3: 0.9522
C4: 0.5444
C5: 0.8468
C6: 0.3007
C7: 0.1937
C8: 0.1620
C9: 0.6059
C10: 0.7884
C11: 0.6052
C12: 0.7443
C13: 0.4916
C14: 0.6113
epoch: 24
loss: 0.1282	 loss1: 0.1277	 loss2: 0.0004	 train_acc: 0.9528	 test_acc: 0.7145
Confusion_Matrix
    830    436     44      0      0      0      0      0      0      0      0      0      0      0      0
    207   5492    158      3      0      0      0      0      0      0      0      0      0      0      0
      0     80    805     40      0      0      0      0      0      0      0      0      0      0      0
      0     10      3   3827    161     73     25      0      0      0      0      0      0      0      0
      0      0      0    103    240    195     70      0      0      0      0      0      0      0      0
      0      0      0      8     45   3178    612    125     28     22     19      3      0      0      0
      0      0      0      3      5    308    369    232     41     77     26      0      0      0      0
      0      0      0      0      0     48    147    142     77    127    249     22     57     19      0
      0      0      0      0      1     49     89    101    258    332    327     16      0      0      0
      0      0      0      0      0     49     38    154    408   2121   1724     30      0      0      0
      0      0      0      0      0     46      5     34     92    402   6543    577    213     14      3
      0      0      0      0      0      0      0      0      3      5    422   1311    442     20      3
      0      0      0      0      0      0      0      0      0      0     23    215   1636    205     41
      0      0      0      0      0      0      0      0      0      0      0      6    253    606    327
      0      0      0      0      0      0      0      0      0      0      0      3    163    789   1502
Class Accuracy
C0: 0.6336
C1: 0.9372
C2: 0.8703
C3: 0.9336
C4: 0.3947
C5: 0.7866
C6: 0.3478
C7: 0.1599
C8: 0.2199
C9: 0.4688
C10: 0.8252
C11: 0.5943
C12: 0.7717
C13: 0.5084
C14: 0.6113
epoch: 25
loss: 0.1207	 loss1: 0.1203	 loss2: 0.0004	 train_acc: 0.9554	 test_acc: 0.7387
Confusion_Matrix
    957    324     29      0      0      0      0      0      0      0      0      0      0      0      0
    274   5502     83      1      0      0      0      0      0      0      0      0      0      0      0
      6    116    779     24      0      0      0      0      0      0      0      0      0      0      0
      0     14      7   3861    159     44     14      0      0      0      0      0      0      0      0
      0      1      0    136    238    227      6      0      0      0      0      0      0      0      0
      0      0      0     40     64   3429    352     64     37     29     25      0      0      0      0
      0      0      0      8      5    415    248    264     58     61      2      0      0      0      0
      0      0      0      0      0     65     94    131    123    205    177     18     53      6     16
      0      0      0      0      1     40     67    113    141    563    231     17      0      0      0
      0      0      0      0      0      8     24    132    209   3057   1057     37      0      0      0
      0      0      0      0      1      9      1     34     68    727   6399    557    117     16      0
      0      0      0      0      0      0      0      0      0      5    506   1318    360     13      4
      0      0      0      0      0      0      0      0      0      0     39    267   1556    215     43
      0      0      0      0      0      0      0      0      0      0      0     11    250    565    366
      0      0      0      0      0      0      0      0      0      0      0      4    154    641   1658
Class Accuracy
C0: 0.7305
C1: 0.9389
C2: 0.8422
C3: 0.9419
C4: 0.3914
C5: 0.8488
C6: 0.2337
C7: 0.1475
C8: 0.1202
C9: 0.6757
C10: 0.8070
C11: 0.5975
C12: 0.7340
C13: 0.4740
C14: 0.6748
epoch: 26
loss: 0.1135	 loss1: 0.1131	 loss2: 0.0004	 train_acc: 0.9582	 test_acc: 0.7272
Confusion_Matrix
    941    334     35      0      0      0      0      0      0      0      0      0      0      0      0
    239   5516    105      0      0      0      0      0      0      0      0      0      0      0      0
      8    104    797     16      0      0      0      0      0      0      0      0      0      0      0
      0     13     32   3909     98     39      8      0      0      0      0      0      0      0      0
      0      0      0    154    258    145     50      1      0      0      0      0      0      0      0
      0      0      0     44    114   3283    463     88     22     19      7      0      0      0      0
      0      0      0      2      7    370    314    242     29     82     15      0      0      0      0
      0      0      0      0      0     65    129    177    115    167    167      7     38     23      0
      0      0      0      0      1     51     84    140    203    502    188      4      0      0      0
      0      0      0      0      0     39     39    299    523   2793    809     22      0      0      0
      0      0      0      0      0     47      7     34    122    889   6298    454     72      6      0
      0      0      0      0      0      0      0      0      0     21    571   1343    263      6      2
      0      0      0      0      0      0      0      1      0      0     64    348   1464    212     31
      0      0      0      0      0      0      0      0      0      0      1     15    238    586    352
      0      0      0      0      0      0      0      0      0      0      0      6    141    818   1492
Class Accuracy
C0: 0.7183
C1: 0.9413
C2: 0.8616
C3: 0.9536
C4: 0.4243
C5: 0.8126
C6: 0.2959
C7: 0.1993
C8: 0.1731
C9: 0.6174
C10: 0.7943
C11: 0.6088
C12: 0.6906
C13: 0.4916
C14: 0.6072
epoch: 27
loss: 0.1093	 loss1: 0.1089	 loss2: 0.0004	 train_acc: 0.9596	 test_acc: 0.7325
Confusion_Matrix
    843    440     27      0      0      0      0      0      0      0      0      0      0      0      0
    180   5635     45      0      0      0      0      0      0      0      0      0      0      0      0
      0    159    739     27      0      0      0      0      0      0      0      0      0      0      0
      0     24      5   3972     56     41      1      0      0      0      0      0      0      0      0
      0      0      0    173    271    135     29      0      0      0      0      0      0      0      0
      0      0      0     71     82   3440    294    110     20     17      6      0      0      0      0
      0      0      0      9      2    435    249    247     29     90      0      0      0      0      0
      0      0      0      0      0    102     87    175     98    165    183     12     47     19      0
      0      0      0      0      1     67     54    170    152    472    239     18      0      0      0
      0      0      0      0      0     67      8    253    361   2687   1111     37      0      0      0
      0      0      0      0      0     36      0     40     97    658   6376    647     51     18      6
      0      0      0      0      0      0      0      0      1     16    388   1535    242     11     13
      0      0      0      0      0      0      0      0      0      0     53    427   1365    235     40
      0      0      0      0      0      0      0      0      0      0      0     17    228    586    361
      0      0      0      0      0      0      0      0      0      0      0      6    146    743   1562
Class Accuracy
C0: 0.6435
C1: 0.9616
C2: 0.7989
C3: 0.9690
C4: 0.4457
C5: 0.8515
C6: 0.2347
C7: 0.1971
C8: 0.1296
C9: 0.5939
C10: 0.8041
C11: 0.6958
C12: 0.6439
C13: 0.4916
C14: 0.6357
epoch: 28
loss: 0.1057	 loss1: 0.1054	 loss2: 0.0003	 train_acc: 0.9611	 test_acc: 0.7314
Confusion_Matrix
    903    370     37      0      0      0      0      0      0      0      0      0      0      0      0
    279   5438    139      4      0      0      0      0      0      0      0      0      0      0      0
     11     70    807     37      0      0      0      0      0      0      0      0      0      0      0
      0      6      1   3982     59     50      1      0      0      0      0      0      0      0      0
      0      0      0    167    235    177     29      0      0      0      0      0      0      0      0
      0      0      0     43     99   3594    213     34     37     14      6      0      0      0      0
      0      0      0     13      6    425    342    212     31     32      0      0      0      0      0
      0      0      0      2      2     92    151    150     79    143    165     35     47     22      0
      0      0      0      0      2     77     89    163    220    415    196     11      0      0      0
      0      0      0      2      0     53     48    336    584   2695    776     30      0      0      0
      0      0      0      1      1     83      3     47    147    791   6043    670    118     14     11
      0      0      0      0      0      0      0      0      1      6    392   1497    287      1     22
      0      0      0      0      0      0      0      0      0      0     40    323   1486    198     73
      0      0      0      0      0      0      0      0      0      0      0     12    226    500    454
      0      0      0      0      0      0      0      0      0      0      0      8    137    661   1651
Class Accuracy
C0: 0.6893
C1: 0.9280
C2: 0.8724
C3: 0.9715
C4: 0.3865
C5: 0.8896
C6: 0.3223
C7: 0.1689
C8: 0.1876
C9: 0.5957
C10: 0.7621
C11: 0.6786
C12: 0.7009
C13: 0.4195
C14: 0.6720
epoch: 29
loss: 0.1005	 loss1: 0.1002	 loss2: 0.0003	 train_acc: 0.9628	 test_acc: 0.7346
Confusion_Matrix
    925    374     11      0      0      0      0      0      0      0      0      0      0      0      0
    233   5558     68      1      0      0      0      0      0      0      0      0      0      0      0
      4    132    759     30      0      0      0      0      0      0      0      0      0      0      0
      0     12      6   3974     74     17     16      0      0      0      0      0      0      0      0
      0      0      0    174    289    135      8      2      0      0      0      0      0      0      0
      0      0      0     63    150   3400    282     73     42     22      8      0      0      0      0
      0      0      0      8      5    413    255    218     49    112      1      0      0      0      0
      0      0      0      0      0     94     81    153     99    230    139     18     55     19      0
      0      0      0      0      1     51     62    146    114    573    212     14      0      0      0
      0      0      0      0      0     12     14    267    304   2936    965     26      0      0      0
      0      0      0      0      0     70      0     69     57    832   6248    472    150      6     25
      0      0      0      0      0      0      0      0      0     15    439   1306    420      1     25
      0      0      0      0      0      0      0      0      0      0     33    192   1624    193     78
      0      0      0      0      0      0      0      0      0      0      0      3    275    486    428
      0      0      0      0      0      0      0      0      0      0      0      4    150    657   1646
Class Accuracy
C0: 0.7061
C1: 0.9485
C2: 0.8205
C3: 0.9695
C4: 0.4753
C5: 0.8416
C6: 0.2403
C7: 0.1723
C8: 0.0972
C9: 0.6490
C10: 0.7880
C11: 0.5920
C12: 0.7660
C13: 0.4077
C14: 0.6699
epoch: 30
loss: 0.0975	 loss1: 0.0972	 loss2: 0.0003	 train_acc: 0.9636	 test_acc: 0.7282
Confusion_Matrix
    835    442     33      0      0      0      0      0      0      0      0      0      0      0      0
    176   5601     79      4      0      0      0      0      0      0      0      0      0      0      0
      3    103    791     28      0      0      0      0      0      0      0      0      0      0      0
      0     14      4   3949     61     66      5      0      0      0      0      0      0      0      0
      0      0      0    114    289    178     27      0      0      0      0      0      0      0      0
      0      0      0     29     75   3399    326    140     45     16     10      0      0      0      0
      0      0      0      8      5    396    257    247     49     97      2      0      0      0      0
      0      0      0      0      0     69     66    200     91    138    229     18     56     14      7
      0      0      0      0      1     37     54    171    150    444    310      6      0      0      0
      0      0      0      0      0     16     14    221    350   2433   1441     49      0      0      0
      0      0      0      0      0     61      0     58     87    449   6469    534    230      6     35
      0      0      0      0      0      0      0      0      1      2    492   1280    397      6     28
      0      0      0      0      0      0      0      0      0      0     18    203   1472    261    166
      0      0      0      0      0      0      0      0      0      0      0     10    193    484    505
      0      0      0      0      0      0      0      0      0      0      0      1     88    564   1804
Class Accuracy
C0: 0.6374
C1: 0.9558
C2: 0.8551
C3: 0.9634
C4: 0.4753
C5: 0.8413
C6: 0.2422
C7: 0.2252
C8: 0.1279
C9: 0.5378
C10: 0.8159
C11: 0.5802
C12: 0.6943
C13: 0.4060
C14: 0.7342
