Confusion_Matrix,the X-axis is predict lable, the Y-axis is the ture lable
epoch: 1
loss: 1.0062	 train_acc: 0.6409	 test_acc: 0.5960
Confusion_Matrix
   1043    222     45      0      0      0      0      0      0      0      0      0      0      0      0
   1266   4376     92    126      0      0      0      0      0      0      0      0      0      0      0
    382    124    378     25      0      1      0      0      0      0      0     15      0      0      0
      1     14     15   3362    192    478      2      2      0      1      0     31      0      1      0
      0      0      0     80     66    459      1      1      0      0      0      1      0      0      0
      0      0      0     97     23   3513     96    131     66     44     59      7      4      0      0
      0      0      0      1      1    613    122    132    107     46     34      4      1      0      0
      0      0      0      0      0    204     75     70    236     39    164      6     62     31      1
      0      0      0      0      0    150     25     94    449    284    160     11      0      0      0
      0      0      0      0      0    173     44    228   2399    929    702     48      1      0      0
      0      0      0     12      7     79      2     38    947    615   5882    295     48      4      0
      0      5      1    142     15    118      0      1     17     44    758    846    234     25      0
      0      0      0      6      0     31      0      1      4     14    305    141   1332    279      7
      0      0      0      0      0     10      0      0      1      0     36      6    191    620    328
      0      1      0      4      0      6      0      0      1     22    109      3    141   1083   1087
Class Accuracy
C0: 0.7962
C1: 0.7468
C2: 0.4086
C3: 0.8202
C4: 0.1086
C5: 0.8696
C6: 0.1150
C7: 0.0788
C8: 0.3828
C9: 0.2053
C10: 0.7418
C11: 0.3835
C12: 0.6283
C13: 0.5201
C14: 0.4424
epoch: 2
loss: 0.6227	 train_acc: 0.7671	 test_acc: 0.6602
Confusion_Matrix
    370    888     26      0      0      4      0      0      0      0      0     22      0      0      0
    124   5645     56      8      0      3      0      0      0      0      0     24      0      0      0
    124    417    307     31      0     20      0      0      0      2      0     24      0      0      0
      0     28     14   3666     34    239     17     32      0      8      8     53      0      0      0
      0      0      0    132     77    367     13     15      0      3      1      0      0      0      0
      0      0      0    128     47   2967    114    551      0    162     69      2      0      0      0
      0      0      0      1      2    375     39    472      1    139     31      1      0      0      0
      0      0      0      3      0    161     20    301      3    179    143      3     44      6     25
      0      0      0      0      0     53     11    359     12    513    220      4      1      0      0
      0      0      0      6      1     52     31    717    104   2740    860     12      1      0      0
      0      0      4      9      2     15      2    111     28    997   6157    476    115      9      4
      0      0     22     38      8     28      2      2      0     12    716   1074    279     23      2
      0      1      0      1      1      8      0      4      0      6    218    146   1435    279     21
      0      0      0      6      0      1      0      0      0      0     11      9    213    592    360
      0      0      0      0      0      7      0      0      0      3     85      2    164    912   1284
Class Accuracy
C0: 0.2824
C1: 0.9633
C2: 0.3319
C3: 0.8944
C4: 0.1266
C5: 0.7344
C6: 0.0368
C7: 0.3390
C8: 0.0102
C9: 0.6057
C10: 0.7765
C11: 0.4869
C12: 0.6769
C13: 0.4966
C14: 0.5226
epoch: 3
loss: 0.4951	 train_acc: 0.8165	 test_acc: 0.5917
Confusion_Matrix
    940    246    120      4      0      0      0      0      0      0      0      0      0      0      0
    854   4234    617    151      0      0      0      0      0      0      4      0      0      0      0
    322     79    483     40      0      1      0      0      0      0      0      0      0      0      0
      0      0     13   3857    137     49     22      5      2      0      6      8      0      0      0
      0      0      0    147    132    297     28      2      0      1      1      0      0      0      0
      0      0      0     97    138   2483    822    345     69     58     28      0      0      0      0
      0      0      0      0      4    206    342    279     85    108     30      7      0      0      0
      0      0      0      3      0     66    104    130    237    165    105     20     36     22      0
      0      0      0      8      0     12     38    159    487    277    188      4      0      0      0
      0      0      0      6      4      9     18    143   2130   1043   1072     99      0      0      0
      0      0      0      5      3     17      4     11    604    453   5753   1060     18      0      1
      0      0      2     66     10     12      1      0      6     44    654   1320     90      1      0
      0      0      0      0      0      6      3      0      1     48    532    394    984    125     27
      0      0      0      3      0      4      0      0      1      4     82     25    182    487    404
      0      0      0      5      0      7      0      0      0      4    190     21    123    881   1226
Class Accuracy
C0: 0.7176
C1: 0.7225
C2: 0.5222
C3: 0.9410
C4: 0.2171
C5: 0.6146
C6: 0.3223
C7: 0.1464
C8: 0.4152
C9: 0.2305
C10: 0.7256
C11: 0.5984
C12: 0.4642
C13: 0.4086
C14: 0.4990
epoch: 4
loss: 0.4123	 train_acc: 0.8474	 test_acc: 0.5618
Confusion_Matrix
    746    350    208      6      0      0      0      0      0      0      0      0      0      0      0
    253   4729    536    342      0      0      0      0      0      0      0      0      0      0      0
     49     99    724     45      2      2      0      0      0      0      0      2      0      2      0
      0      0      7   2951    688    273    147     25      1      0      3      3      1      0      0
      0      0      0     10    140    337    102     18      0      0      1      0      0      0      0
      0      0      0     12     51   1853    679   1312    106     17      7      1      2      0      0
      0      0      0      0      1     99    136    665    121     13     16      8      2      0      0
      0      0      0     13      0    167     88    270    186     31     86      2     18     22      5
      0      0      0      0      0      0     26    272    587    133    142     13      0      0      0
      0      0      0     10      9     19     14    659   1648   1251    815     98      1      0      0
      0      0      0     43     20     59     47    118    816    433   5908    465     17      2      1
      0      0     14    266     70     70     19     13     34     51   1016    496    143     12      2
      0      0      0     16      2     23      7      5      5     18    525     92   1002    380     45
      0      0      0      3      1      9      0      1      1      2     40      2    110    748    275
      0      0      3     14      1      3      0      3      0      3     81      9     61   1127   1152
Class Accuracy
C0: 0.5695
C1: 0.8070
C2: 0.7827
C3: 0.7199
C4: 0.2303
C5: 0.4587
C6: 0.1282
C7: 0.3041
C8: 0.5004
C9: 0.2765
C10: 0.7451
C11: 0.2248
C12: 0.4726
C13: 0.6275
C14: 0.4689
epoch: 5
loss: 0.3596	 train_acc: 0.8666	 test_acc: 0.5848
Confusion_Matrix
    586    594    124      6      0      0      0      0      0      0      0      0      0      0      0
    162   5336    160    202      0      0      0      0      0      0      0      0      0      0      0
    183    243    453     42      0      2      0      0      0      0      0      0      0      2      0
      0      3      4   3710    211     77     40     48      1      0      2      3      0      0      0
      0      0      0     92    167    261     52     35      0      0      1      0      0      0      0
      0      0      0     58    221   1660    271   1653     81     65     31      0      0      0      0
      0      0      0      1      5     74     40    811     55     44     31      0      0      0      0
      0      0      0      0      0    102     17    379    126     97    111      1     18     26     11
      0      0      0      0      1      0      8    490    166    407    101      0      0      0      0
      0      0      0     12      4      3      2    931    401   2663    505      3      0      0      0
      0      0      0     14      0     16      4    161    398   1480   5572    278      0      0      6
      0      0      3    190      6     21      3     24     46     69   1350    415     59     18      2
      0      0      0      8      0      9      0      6      7     33    932    113    661    240    111
      0      0      0      2      0      2      0      1      0      4    110      1    103    553    416
      0      0      0      1      0      1      0      0      0      3    224     10     66    890   1262
Class Accuracy
C0: 0.4473
C1: 0.9106
C2: 0.4897
C3: 0.9051
C4: 0.2747
C5: 0.4109
C6: 0.0377
C7: 0.4268
C8: 0.1415
C9: 0.5886
C10: 0.7027
C11: 0.1881
C12: 0.3118
C13: 0.4639
C14: 0.5136
epoch: 6
loss: 0.3147	 train_acc: 0.8838	 test_acc: 0.6688
Confusion_Matrix
    880    260    164      1      0      0      0      0      0      0      0      0      0      0      5
    397   4926    408    118      0      0      0      0      0      0      0      0      0      0     11
    101     65    714     33      0      2      0      0      0      0      0      1      0      8      1
      0      5      8   3695     26    336     14      2      0      1      0      5      5      0      2
      0      0      0     82     36    481      5      2      0      0      0      1      0      0      1
      0      0      1     53      7   3338    137    411     12     65      7      3      6      0      0
      0      0      0      1      0    440    114    351     27    115      9      3      1      0      0
      0      0      0      0      0    199     43    318     35    123     88     10     13     24     35
      0      0      0      0      0     55     40    420     84    466    108      0      0      0      0
      0      0      0      8      1     59     20    728    200   2877    615     14      2      0      0
      0      0      0      1      0    135     36     98     62   1523   5704    346     10     13      1
      0      3      0     38      0     73      3      3      4     95    716   1123    109     31      8
      0      0      0      8      0     29      5      2      0     23    287    256   1011    300    199
      0      0      0      2      0      7      2      0      0      0     10      7    122    416    626
      0      0      0      0      0      8      0      0      0      1     10      3     60    598   1777
Class Accuracy
C0: 0.6718
C1: 0.8406
C2: 0.7719
C3: 0.9014
C4: 0.0592
C5: 0.8262
C6: 0.1074
C7: 0.3581
C8: 0.0716
C9: 0.6359
C10: 0.7194
C11: 0.5091
C12: 0.4769
C13: 0.3490
C14: 0.7232
epoch: 7
loss: 0.2896	 train_acc: 0.8927	 test_acc: 0.6742
Confusion_Matrix
    866    392     49      3      0      0      0      0      0      0      0      0      0      0      0
    259   5496     63     42      0      0      0      0      0      0      0      0      0      0      0
    234    211    433     27      1      2      0      0      0      0      0      8      0      9      0
      0     10     18   3726    213     82      7      5      2      0      4     31      1      0      0
      0      0      0    123    120    298     61      3      1      0      0      2      0      0      0
      0      0      0    115     68   2755    672    205     94     23     73      1     34      0      0
      0      0      0      3     12    235    341    207    171     46     43      0      3      0      0
      0      0      0      8      1    100    155    111    187     54    179     12     33      0     48
      0      0      0      1      2     23     55    225    335    266    261      5      0      0      0
      0      0      0     12      0     10     39    327    905   1992   1210     25      4      0      0
      0      0      0      7      3     15     18     57    226    457   6793    326     27      0      0
      0      0      0     31      0      0      0      5      5     11    852   1150    147      3      2
      0      1      0      6      0      1      0      1      0      7    421    248   1066    166    203
      0      1      0      3      0      1      0      1      0      0     22      9    146    319    690
      0      0      0      0      0      3      0      0      0      1     25     25    106    568   1729
Class Accuracy
C0: 0.6611
C1: 0.9379
C2: 0.4681
C3: 0.9090
C4: 0.1974
C5: 0.6819
C6: 0.3214
C7: 0.1250
C8: 0.2856
C9: 0.4403
C10: 0.8567
C11: 0.5213
C12: 0.5028
C13: 0.2676
C14: 0.7037
epoch: 8
loss: 0.2592	 train_acc: 0.9037	 test_acc: 0.6602
Confusion_Matrix
    712    413    155     20      0      0      0      0      0      0      0      0      0      3      7
    240   5143    308    153      0      0      0      0      0      0      0      0      0      0     16
    124    132    550     98      0      2      0      0      0      0      0      1      0     10      8
      0      5      6   3620    183    193     34     16      1      0      1     20     15      1      4
      0      0      0     45    108    386     57     10      1      0      0      0      0      0      1
      0      0      0     81     38   2787    231    645    117     26     86      1     25      0      3
      0      0      0      4      2    218     63    568     64     99     39      1      3      0      0
      0      0      0      0      0    127     35    324     98     81    111     17     52     17     26
      0      0      0      0      0     37      2    369    308    243    210      4      0      0      0
      0      0      0      2      2     11      1    620    601   2271    969     35      7      3      2
      0      0      0      7      0     19      0    109    157    646   6444    351    110     29     57
      0      2     12     15      2     13      1      4      0     21    724   1090    241     42     39
      0      0      0      7      0      5      0     10      0      9    245    157   1041    334    312
      0      0      0      1      0      5      0      1      0      0     16      4     85    488    592
      0      0      0      0      0      6      0      2      0      1     28     12     50    639   1719
Class Accuracy
C0: 0.5435
C1: 0.8776
C2: 0.5946
C3: 0.8831
C4: 0.1776
C5: 0.6899
C6: 0.0594
C7: 0.3649
C8: 0.2626
C9: 0.5020
C10: 0.8127
C11: 0.4941
C12: 0.4910
C13: 0.4094
C14: 0.6996
epoch: 9
loss: 0.2406	 train_acc: 0.9111	 test_acc: 0.6555
Confusion_Matrix
    815    356    123     16      0      0      0      0      0      0      0      0      0      0      0
    304   4990    306    260      0      0      0      0      0      0      0      0      0      0      0
     67    147    648     55      0      1      0      0      0      0      3      0      0      4      0
      0      3      7   3886     40     71     72      6      2      0      0     12      0      0      0
      0      0      0    135     97    305     65      4      1      0      0      1      0      0      0
      0      0      0     81     36   2387   1030    385     85     13     10      2     11      0      0
      0      0      0      7      0    127    430    318     98     64     16      1      0      0      0
      0      0      0     15      0     73    157    226    119     70    173      1     32      2     20
      0      0      0      0      0     34    106    305    329    267    132      0      0      0      0
      0      0      0     19      0      2    100    562    839   2395    602      4      1      0      0
      0      0      0     16     12     15     65     75    340    951   6245    203      7      0      0
      0      1      1     64      8     16      8     11      6     32   1109    856     93      1      0
      0      0      0     14      1     16      5     11      0     13    529    218   1121    126     66
      0      0      0      9      0      4      2      0      0      1     40      4    200    504    428
      0      5      3      3      0     10      0      8      1      9     37      9    151    672   1549
Class Accuracy
C0: 0.6221
C1: 0.8515
C2: 0.7005
C3: 0.9480
C4: 0.1595
C5: 0.5908
C6: 0.4053
C7: 0.2545
C8: 0.2805
C9: 0.5294
C10: 0.7876
C11: 0.3880
C12: 0.5288
C13: 0.4228
C14: 0.6304
epoch: 10
loss: 0.2137	 train_acc: 0.9202	 test_acc: 0.6718
Confusion_Matrix
    975    199    136      0      0      0      0      0      0      0      0      0      0      0      0
    445   4988    380     45      0      0      0      0      0      0      0      0      0      0      2
    116     91    686     17      1      2      0      0      0      0      1      7      0      4      0
      0      1     48   3540    257    188     32     11      2      0      2     18      0      0      0
      0      0      0     68    121    348     68      1      1      0      1      0      0      0      0
      0      0      0     51     39   2835    609    384     70     10     37      1      4      0      0
      0      0      0      0      2    232    351    321    105      9     40      1      0      0      0
      0      0      0      5      0    100    147    231     81     62    166     17     56      3     20
      0      0      0      0      2     14     54    358    222    249    274      0      0      0      0
      0      0      0      1      0     14     66    492    634   2025   1263     27      2      0      0
      0      0      0      1      2     27     44     70    130    623   6794    222     12      4      0
      0      0      0     13      0     15      1      2      2      3   1077    905    184      4      0
      0      0      0      9      2      6      0      1      0      3    326    170   1413     97     93
      0      0      0      3      0      3      0      0      0      0     23      8    240    350    565
      0      0      1      1      0      0      0      1      0      0     30      7    158    561   1698
Class Accuracy
C0: 0.7443
C1: 0.8512
C2: 0.7416
C3: 0.8636
C4: 0.1990
C5: 0.7017
C6: 0.3308
C7: 0.2601
C8: 0.1893
C9: 0.4476
C10: 0.8569
C11: 0.4102
C12: 0.6665
C13: 0.2936
C14: 0.6911
epoch: 11
loss: 0.1982	 train_acc: 0.9259	 test_acc: 0.6460
Confusion_Matrix
    869    353     88      0      0      0      0      0      0      0      0      0      0      0      0
    317   5388    114     37      0      0      0      0      0      0      3      0      0      0      1
    121    226    542     34      0      1      0      0      0      0      1      0      0      0      0
      1      8      7   3894     96     76      9      5      0      0      0      0      1      0      2
      0      0      0    151    152    290     12      1      0      1      0      0      0      0      1
      0      0      0    127     97   3139    288    338      9     29      9      0      3      0      1
      0      0      0      9      1    276    303    387     56      8     20      1      0      0      0
      0      0      0     77      5     61     97    324     93     31    111     28     19     20     22
      0      0      0      1      2     53     40    465    321    193     98      0      0      0      0
      0      0      0     27      1     13     88    804   1427   1507    651      6      0      0      0
      0      0      0     31     20     58     44    234    567   1188   5463    313     11      0      0
      0      4      1    201     10     63      3     12      2     53    756    958    129      6      8
      0      1      0     33      1     42      1      2      3     29    256    274   1088    236    154
      0      0      0      8      0      4      1      0      0      0     15      4    144    384    632
      3     10      8      5      0     10      0      0      0      3     20      3    109    524   1762
Class Accuracy
C0: 0.6634
C1: 0.9195
C2: 0.5859
C3: 0.9500
C4: 0.2500
C5: 0.7770
C6: 0.2856
C7: 0.3649
C8: 0.2737
C9: 0.3331
C10: 0.6890
C11: 0.4343
C12: 0.5132
C13: 0.3221
C14: 0.7171
epoch: 12
loss: 0.1833	 train_acc: 0.9317	 test_acc: 0.6544
Confusion_Matrix
    803    422     60     25      0      0      0      0      0      0      0      0      0      0      0
    260   5251     92    248      0      3      0      0      0      0      6      0      0      0      0
    100    201    496     97      3     13      0      0      0      0      9      6      0      0      0
      0      2      2   3586     90    321     44     20      0      0      2     21     10      1      0
      0      0      0     77     43    389     77     16      0      0      0      4      1      0      1
      0      0      0     39     13   2352    495    916     67     39     74      7     37      0      1
      0      0      0      0      0    134    206    486     67    121     43      0      4      0      0
      0      0      0     19      0     56     63    279     98     85    207      3     32     21     25
      0      0      0      0      0      3     13    349    242    337    229      0      0      0      0
      0      0      0      5      1      1      3    388    456   2546   1112      8      4      0      0
      0      0      0      2      0      1      5     70    166    770   6736    165     14      0      0
      0      1      0     17      3     11      2      3      0     13   1337    678    125     14      2
      0      0      0      0      0      4      0      2      0     16    500    107    948    369    174
      0      0      0      2      0      3      0      0      0      0     32      2    115    407    631
      0      0      0      0      0      3      1      0      0      0     24      2     49    518   1860
Class Accuracy
C0: 0.6130
C1: 0.8961
C2: 0.5362
C3: 0.8748
C4: 0.0707
C5: 0.5822
C6: 0.1942
C7: 0.3142
C8: 0.2063
C9: 0.5628
C10: 0.8495
C11: 0.3073
C12: 0.4472
C13: 0.3414
C14: 0.7570
epoch: 13
loss: 0.1668	 train_acc: 0.9380	 test_acc: 0.6252
Confusion_Matrix
    875    371     43     21      0      0      0      0      0      0      0      0      0      0      0
    465   5060     69    262      0      0      0      1      0      0      3      0      0      0      0
    189    182    453     89      1      1      0      0      0      0      3      0      0      7      0
      0      2      2   3848    109     81     43      8      0      0      0      2      4      0      0
      0      0      0    155    111    269     60     10      1      0      0      1      1      0      0
      0      0      0    140     54   2292    927    525     55      1     19      0     27      0      0
      0      0      0      3      8    168    338    478     31      2     31      1      1      0      0
      0      0      0     41      2     27    151    336     63     23    150     20     46     24      5
      0      0      0      2      1     14     83    546    203    126    198      0      0      0      0
      0      0      0     26      0      4     32   1028    909   1580    934      9      2      0      0
      0      0      0     12      2      9     35    242    200    597   6556    241     24     11      0
      0      0      0     89      2     30      3      5      0     19    954    897    165     42      0
      0      1      0      4      2      7      2      3      1     14    292    245   1149    341     59
      0      0      0      3      2      3      0      0      0      0     16      8    144    705    311
      0      5      0      0      0      4      1      0      1      0     16     11    102   1468    849
Class Accuracy
C0: 0.6679
C1: 0.8635
C2: 0.4897
C3: 0.9388
C4: 0.1826
C5: 0.5673
C6: 0.3186
C7: 0.3784
C8: 0.1731
C9: 0.3492
C10: 0.8268
C11: 0.4066
C12: 0.5420
C13: 0.5914
C14: 0.3455
epoch: 14
loss: 0.1540	 train_acc: 0.9426	 test_acc: 0.6689
Confusion_Matrix
   1019    121    170      0      0      0      0      0      0      0      0      0      0      0      0
    740   4671    427     17      0      0      0      0      0      0      0      0      0      0      5
     65     45    788     23      0      1      0      0      0      0      0      0      0      0      3
      1      6     15   3735    191     84     28     16      0      0      0     14      8      0      1
      0      0      0    105    231    228     35      5      1      0      0      3      0      0      0
      0      0      0     76    124   2794    472    411     88     48     10      5     12      0      0
      0      0      0      2      9    235    193    436    124     35     24      2      1      0      0
      0      0      0     19      3    127     66    282    130     56    112     22     43     21      7
      0      0      0      0      2     35     18    357    362    236    155      8      0      0      0
      0      0      0     11      0      5     19    502   1000   2000    953     30      4      0      0
      0      0      0      1      0     13     30     67    303    806   6118    520     34      5     32
      0      0      0     16      2     18      2      0      1     14    520   1468    151     13      1
      0      0      0      1      0      7      2      0      0     11    185    372   1169    275     98
      0      0      0      1      0      3      0      0      0      0     11     10    157    409    601
      0      0      0      0      0      4      0      0      0      1      9     13     80    572   1778
Class Accuracy
C0: 0.7779
C1: 0.7971
C2: 0.8519
C3: 0.9112
C4: 0.3799
C5: 0.6916
C6: 0.1819
C7: 0.3176
C8: 0.3086
C9: 0.4421
C10: 0.7716
C11: 0.6655
C12: 0.5514
C13: 0.3431
C14: 0.7236
epoch: 15
loss: 0.1397	 train_acc: 0.9483	 test_acc: 0.6692
Confusion_Matrix
    994    244     70      2      0      0      0      0      0      0      0      0      0      0      0
    626   4973    125    127      0      0      0      0      0      0      0      2      0      0      7
    134    177    574     24      0      1      0      0      0      0      4     11      0      0      0
      4      5     11   3735    152    103     60      8      0      0      0     13      8      0      0
      0      0      0    182    162    177     81      2      1      0      1      0      2      0      0
      0      0      0    103     67   2225   1078    356     36     50     81      2     42      0      0
      0      0      0      1      4    167    355    299    139     45     45      2      4      0      0
      0      0      0     59      3     43    127    208     77     98    171     25     40      4     33
      0      0      0      0      6     25     40    319    208    322    253      0      0      0      0
      0      0      0     11      1     12    102    460    505   2289   1110     28      6      0      0
      0      0      0      1      6      8     14     87     90    693   6584    413     17      3     13
      0      0      0     35      4     11      0      0      1      7    686   1297    131     23     11
      0      1      0      5      0      5      0      0      1      5    266    290   1167    227    153
      0      0      0      0      0      4      0      1      0      0     18      7    151    388    623
      0      0      0      0      0      3      0      0      0      0     18      6    120    439   1871
Class Accuracy
C0: 0.7588
C1: 0.8486
C2: 0.6205
C3: 0.9112
C4: 0.2664
C5: 0.5507
C6: 0.3346
C7: 0.2342
C8: 0.1773
C9: 0.5060
C10: 0.8304
C11: 0.5879
C12: 0.5505
C13: 0.3255
C14: 0.7615
epoch: 16
loss: 0.1297	 train_acc: 0.9515	 test_acc: 0.6433
Confusion_Matrix
    811    420     70      9      0      0      0      0      0      0      0      0      0      0      0
    273   5293    102    184      0      0      0      0      0      0      7      0      0      0      1
    195    205    465     51      1      1      0      0      0      0      4      1      0      2      0
      7      2      2   3684    214    177      2      4      0      0      1      3      2      0      1
      0      0      0     64    187    337     17      2      1      0      0      0      0      0      0
      0      0      0     77     92   2979    417    370     36     25     17      0     27      0      0
      0      0      0      1      7    317    186    480     24     13     29      0      4      0      0
      0      0      0     18      4    127     67    390     42     34    125     11     34     16     20
      0      0      0      2      9     47     14    602    208    165    126      0      0      0      0
      0      0      0     23      0     22      5   1407    871   1392    788     12      4      0      0
      0      0      0     15      2     22     12    373    228    859   6104    304      9      1      0
      0      0      1     64     14     37      0      9      1     26    881   1097     68      3      5
      1      0      0      9      0     34      0      3      2     13    365    392    992    201    108
      0      0      0      2      0      6      0      0      0      0     29     12    157    482    504
      0      0      0      2      1      6      0      0      0      0     28     16    122    566   1716
Class Accuracy
C0: 0.6191
C1: 0.9032
C2: 0.5027
C3: 0.8988
C4: 0.3076
C5: 0.7374
C6: 0.1753
C7: 0.4392
C8: 0.1773
C9: 0.3077
C10: 0.7698
C11: 0.4973
C12: 0.4679
C13: 0.4044
C14: 0.6984
epoch: 17
loss: 0.1172	 train_acc: 0.9557	 test_acc: 0.6709
Confusion_Matrix
    802    357    142      9      0      0      0      0      0      0      0      0      0      0      0
    353   4964    368    170      0      0      0      0      0      0      0      5      0      0      0
     77    135    653     47      0      1      0      0      0      0      2     10      0      0      0
      7      3      6   3772     40    239      8      4      0      0      3     11      5      0      1
      0      0      0    112     82    404      9      0      1      0      0      0      0      0      0
      0      0      0    128     25   3178    258    280     24     33     80      0     30      0      4
      0      0      0      1      0    314    215    347     41     86     51      2      3      0      1
      0      0      0     13      0    102     85    294     43     58    231      0     18     10     34
      0      0      0      7      0     31     68    446     91    267    261      2      0      0      0
      0      0      0     27      0     24     61    801    216   2300   1094      1      0      0      0
      0      0      1     23     12     28     11    147     28    706   6682    285      2      0      4
      0      0     25    133      1     33      0      0      1     18    964    964     51      6     10
      0      0      0     16      0     17      0      0      0      9    502    288    767    303    218
      0      0      0      6      0      2      1      0      0      0     38      4     88    402    651
      0      0      0      1      0      3      2      1      1      0     61      6     53    396   1933
Class Accuracy
C0: 0.6122
C1: 0.8471
C2: 0.7059
C3: 0.9202
C4: 0.1349
C5: 0.7866
C6: 0.2026
C7: 0.3311
C8: 0.0776
C9: 0.5084
C10: 0.8427
C11: 0.4370
C12: 0.3618
C13: 0.3372
C14: 0.7867
epoch: 18
loss: 0.1079	 train_acc: 0.9594	 test_acc: 0.6717
Confusion_Matrix
    803    372    127      6      0      0      0      0      0      0      0      0      0      0      2
    257   5124    273    204      0      0      0      1      0      0      0      0      0      0      1
     68    123    684     40      0      1      0      0      0      0      1      8      0      0      0
      0      2      3   3803     79    157     12      6      2      0      0      8     27      0      0
      0      0      0    107    138    340     16      2      1      0      0      0      4      0      0
      0      0      0     91     45   3043    347    387     17     36     28      0     44      0      2
      0      0      0      0      1    283    237    440     37     27     28      0      4      0      4
      0      0      0      1      2    106     88    342     48     56    105     20     75      9     36
      0      0      0      0      3     43     27    564    188    190    153      0      0      0      5
      0      0      0     28      0     24     72    979    468   2199    738      9      7      0      0
      0      0      0      6      9     36     15    238     94   1079   6127    286     27      1     11
      0      0      5     48      1     30      0      2      1     30    886    980    171     17     35
      0      0      0      4      0     15      0      2      0     13    229    216   1125    272    244
      0      0      0      1      0      3      0      1      0      0      9      4    128    381    665
      0      2      0      0      0      5      0      0      0      2      7      3     72    409   1957
Class Accuracy
C0: 0.6130
C1: 0.8744
C2: 0.7395
C3: 0.9278
C4: 0.2270
C5: 0.7532
C6: 0.2234
C7: 0.3851
C8: 0.1603
C9: 0.4861
C10: 0.7727
C11: 0.4442
C12: 0.5307
C13: 0.3196
C14: 0.7965
epoch: 19
loss: 0.1012	 train_acc: 0.9619	 test_acc: 0.6744
Confusion_Matrix
    806    428     63     13      0      0      0      0      0      0      0      0      0      0      0
    294   5339     96    130      0      0      0      0      0      0      1      0      0      0      0
    118    218    541     43      0      2      0      0      0      0      2      0      0      0      1
      3      4      2   3494    167    364     18      7      1      0      0      5     33      0      1
      0      0      0     51    132    354     64      1      1      0      0      1      4      0      0
      0      0      0     71     21   2865    497    317     83     88     53      1     44      0      0
      0      0      0      0      0    244    244    266    126    126     46      3      6      0      0
      0      0      0      0      2     84     82    203    107     91    152      1    132     19     15
      0      0      0      0      1     31     26    227    360    302    224      2      0      0      0
      0      0      0      7      0     18     21    155    731   2246   1309     24     13      0      0
      0      0      0      1      0      7     13     52     86    728   6575    423     41      3      0
      0      0      0     25      0     11      2      3      2     21    714   1220    181     22      5
      0      0      0      3      0      5      0      0      0     11    259    292   1120    301    129
      0      0      0      1      0      2      0      1      0      0     15      9    156    545    463
      0      1      3      0      0      6      0      1      0      1     35     10     91    757   1552
Class Accuracy
C0: 0.6153
C1: 0.9111
C2: 0.5849
C3: 0.8524
C4: 0.2171
C5: 0.7092
C6: 0.2300
C7: 0.2286
C8: 0.3069
C9: 0.4965
C10: 0.8292
C11: 0.5530
C12: 0.5283
C13: 0.4572
C14: 0.6317
epoch: 20
loss: 0.0918	 train_acc: 0.9653	 test_acc: 0.6511
Confusion_Matrix
    990    249     70      1      0      0      0      0      0      0      0      0      0      0      0
    531   4977    162    164      1      5      0      4      2      0      3      2      0      0      9
    206    150    517     40      1      1      0      0      0      0      4      5      0      0      1
      6      6     10   3730    168    130     19      3      3      0      1      5     17      0      1
      0      0      0    116    186    231     68      1      1      0      1      0      3      0      1
      0      0      0    129    113   2275    999    281     24     72     80      0     42      0     25
      0      0      0      1      6    212    344    203    123    113     53      0      4      0      2
      0      0      0      3      4     48    127    219     97     73    176      0     91     10     40
      0      0      0      0      2     48     91    253    304    260    215      0      0      0      0
      0      0      0     19      0     17     79    393    827   2149   1028      2      6      0      4
      0      0      1      1      4     18     23     77    128    968   6463    229     10      3      4
      0      0      4     35      1     23      0      1      0     31   1120    846    110     20     15
      0      0      0      7      1      7      0      0      0     12    370    228    981    257    257
      0      0      0      1      0      1      2      0      0      0     21      3    130    334    700
      0      2      0      0      0      4      0      0      0      1     24      4     84    352   1986
Class Accuracy
C0: 0.7557
C1: 0.8493
C2: 0.5589
C3: 0.9100
C4: 0.3059
C5: 0.5631
C6: 0.3242
C7: 0.2466
C8: 0.2592
C9: 0.4750
C10: 0.8151
C11: 0.3835
C12: 0.4627
C13: 0.2802
C14: 0.8083
epoch: 21
loss: 0.0849	 train_acc: 0.9677	 test_acc: 0.6943
Confusion_Matrix
    854    388     66      2      0      0      0      0      0      0      0      0      0      0      0
    267   5432     71     89      0      0      0      0      0      0      0      0      0      0      1
    114    234    531     37      0      1      0      0      0      0      0      6      1      0      1
      0      6      2   3904     48    101      5      5      1      0      1      6     20      0      0
      0      0      0    210    107    265     21      1      1      0      0      0      3      0      0
      0      0      0    130     30   3079    360    208     54     83     44      8     43      0      1
      0      0      0      2      1    348    185    194    229     54     42      1      4      0      1
      0      0      0      6      2    109     85    162    162     74    165      1     91     16     15
      0      0      0      0      1     75     22    163    341    322    248      1      0      0      0
      0      0      0     15      0     24     33    196    773   2166   1290      8     18      0      1
      0      0      0      0      0     17      9     30    152    688   6718    294     16      3      2
      0      0      0     30      0     22      0      0      0     24    874   1004    227      7     18
      1      1      0      7      0      4      1      0      0     12    271    205   1294    156    168
      0      0      0      1      0      2      1      0      0      0     22      2    165    381    618
      0      2      0      0      0      5      0      0      0      3      9     11    116    425   1886
Class Accuracy
C0: 0.6519
C1: 0.9270
C2: 0.5741
C3: 0.9524
C4: 0.1760
C5: 0.7621
C6: 0.1744
C7: 0.1824
C8: 0.2907
C9: 0.4788
C10: 0.8473
C11: 0.4551
C12: 0.6104
C13: 0.3196
C14: 0.7676
epoch: 22
loss: 0.0762	 train_acc: 0.9710	 test_acc: 0.6764
Confusion_Matrix
    913    288    101      8      0      0      0      0      0      0      0      0      0      0      0
    326   5176    219    134      0      3      0      0      0      0      0      0      0      0      2
     89    121    663     40      0     10      0      0      0      0      0      1      1      0      0
      0      4      5   3687    156    214      9     11      0      0      0      1     12      0      0
      0      0      0     93    150    318     41      5      1      0      0      0      0      0      0
      0      0      0     87     35   2903    519    366     27     50     26      1     26      0      0
      0      0      0      1      0    247    241    398     78     52     41      0      3      0      0
      0      0      0      4      0    145     88    292     83     66    126      3     47     18     16
      0      0      0      0      2     69     42    384    238    274    164      0      0      0      0
      0      0      0     18      1     14    103    560    580   2257    980      5      6      0      0
      0      0      0      4      5     35     14    167    108    858   6410    321      7      0      0
      0      0      0     69     10     51      1     10      0     43    866   1021    133      1      1
      0      0      0     16      0     14      3      2      1     12    385    227   1186    161    113
      0      0      0      2      0      5      0      0      0      0     33      4    169    429    550
      0      0      1      1      0      6      0      2      0      3     47      8    113    520   1756
Class Accuracy
C0: 0.6969
C1: 0.8833
C2: 0.7168
C3: 0.8995
C4: 0.2467
C5: 0.7186
C6: 0.2271
C7: 0.3288
C8: 0.2029
C9: 0.4989
C10: 0.8084
C11: 0.4628
C12: 0.5594
C13: 0.3599
C14: 0.7147
epoch: 23
loss: 0.0695	 train_acc: 0.9733	 test_acc: 0.6689
Confusion_Matrix
    832    402     72      4      0      0      0      0      0      0      0      0      0      0      0
    352   5160    145    184      0      0      0     19      0      0      0      0      0      0      0
    111    192    578     40      0      1      0      0      0      0      2      1      0      0      0
      1      5      5   3894     49     92     21     10      3      0      0      1     18      0      0
      0      0      0    175     85    279     62      3      1      0      0      0      2      0      1
      0      0      0    110     26   2676    784    314     33     53     14      1     29      0      0
      0      0      0      4      0    208    273    328    147     70     28      2      1      0      0
      0      0      0     15      0    128     92    292     96     64    100     24     48     21      8
      0      0      0      0      0     24     47    396    301    263    142      0      0      0      0
      0      0      0     10      0     14     33    588    739   2316    791     27      6      0      0
      0      0      0     10      0     22     30    178    155   1003   6146    376      9      0      0
      0      0      0     30      2     12      3     20      0     27    823   1173    112      3      1
      0      1      0     10      0      8      2      3      3     16    353    303   1122    222     77
      0      0      0      3      0      4      0      0      0      0     32      5    152    556    440
      0      1      0      3      0      6      0      4      2      4     39      5    113    664   1616
Class Accuracy
C0: 0.6351
C1: 0.8805
C2: 0.6249
C3: 0.9500
C4: 0.1398
C5: 0.6624
C6: 0.2573
C7: 0.3288
C8: 0.2566
C9: 0.5119
C10: 0.7751
C11: 0.5317
C12: 0.5292
C13: 0.4664
C14: 0.6577
epoch: 24
loss: 0.0646	 train_acc: 0.9750	 test_acc: 0.6639
Confusion_Matrix
    998    201    108      3      0      0      0      0      0      0      0      0      0      0      0
    472   4977    250    125      0      3      2     27      0      0      0      0      0      0      4
    126     87    663     38      0      5      0      0      0      0      5      1      0      0      0
      6      2      7   3625    168    231     20      9      3      0      1      9     18      0      0
      0      0      0     87    136    321     55      3      2      0      1      0      2      0      1
      0      0      0     70     29   2796    606    245    121     52     78      0     43      0      0
      0      0      0      1      1    207    216    317    207     59     48      1      4      0      0
      0      0      0      8      1    114    103    180    176     49    156     24     52     13     12
      0      0      0      1      1     43     34    207    359    214    313      1      0      0      0
      0      0      0      6      0     17     70    235   1037   1680   1448     23      8      0      0
      0      0      0      7      0     20     19     44    185    537   6711    382     23      0      1
      0      0      0     24      1     14      0      0      1     17    813   1188    137      4      7
      0      0      0     14      0      4      0      0      1      5    319    269   1139    287     82
      0      0      0      1      0      3      0      0      0      0     25      8    148    524    483
      0      2      0      1      0      6      0      0      0      0     30      7     90    697   1624
Class Accuracy
C0: 0.7618
C1: 0.8493
C2: 0.7168
C3: 0.8844
C4: 0.2237
C5: 0.6921
C6: 0.2036
C7: 0.2027
C8: 0.3061
C9: 0.3714
C10: 0.8464
C11: 0.5385
C12: 0.5373
C13: 0.4396
C14: 0.6610
epoch: 25
loss: 0.0601	 train_acc: 0.9770	 test_acc: 0.6680
Confusion_Matrix
    947    264     93      6      0      0      0      0      0      0      0      0      0      0      0
    360   5007    186    286      0      1      0     17      3      0      0      0      0      0      0
    116    133    624     47      0      5      0      0      0      0      0      0      0      0      0
      9      3      3   3799     44    179     35      8      0      0      1      2     16      0      0
      0      0      0    122     84    329     65      5      1      0      0      0      2      0      0
      0      0      0     69     14   2768    577    347     81    101     42      0     41      0      0
      0      0      0      1      0    219    189    354    185     76     33      0      4      0      0
      0      0      0      2      1    129     76    252    141     69    116      7     64      8     23
      0      0      0      1      0     27     36    317    293    338    161      0      0      0      0
      0      0      0     17      0     13     69    294    916   2235    963      5     12      0      0
      0      0      0      5      2     21     24     76    196    888   6392    294     31      0      0
      0      0      0     49      1     29      2      9      0     31    978    928    170      5      4
      0      0      0     13      0     13      0      1      0     13    358    209   1202    199    112
      0      0      0      2      0      4      0      0      0      0     22      3    170    404    587
      0      1      2      6      0      7      0      0      4      3     36      5    112    424   1857
Class Accuracy
C0: 0.7229
C1: 0.8544
C2: 0.6746
C3: 0.9268
C4: 0.1382
C5: 0.6851
C6: 0.1781
C7: 0.2838
C8: 0.2498
C9: 0.4940
C10: 0.8062
C11: 0.4207
C12: 0.5670
C13: 0.3389
C14: 0.7558
epoch: 26
loss: 0.0546	 train_acc: 0.9787	 test_acc: 0.6695
Confusion_Matrix
    959    261     83      7      0      0      0      0      0      0      0      0      0      0      0
    419   5120    150    164      0      0      0      7      0      0      0      0      0      0      0
    183    130    566     41      0      3      0      0      0      0      1      1      0      0      0
      3      3      7   3681    143    202     20     15      1      0      1      1     21      0      1
      0      0      0     63    120    358     57      6      1      0      0      0      3      0      0
      0      0      0     69     45   2815    483    411     53     83     43      0     38      0      0
      0      0      0      1      0    220    139    442    137     87     31      0      4      0      0
      0      0      0      1      1    123     80    272    117     71    122     13     59     17     12
      0      0      0      6      0     45     20    301    281    329    191      0      0      0      0
      0      0      0     13      0     13     65    318    788   2277   1034     10      6      0      0
      0      0      0      7      4     19     33    105    176    742   6479    343     21      0      0
      0      0      2     48      1     19      1     12      3     30    893   1035    154      3      5
      0      1      1     16      0     14      0      1      0     10    364    233   1185    204     91
      0      0      0      2      0      6      0      0      0      0     30      1    180    504    469
      0      5      0      4      0      8      0      3      1      2     37      3    121    664   1609
Class Accuracy
C0: 0.7321
C1: 0.8737
C2: 0.6119
C3: 0.8980
C4: 0.1974
C5: 0.6968
C6: 0.1310
C7: 0.3063
C8: 0.2396
C9: 0.5033
C10: 0.8171
C11: 0.4692
C12: 0.5590
C13: 0.4228
C14: 0.6549
epoch: 27
loss: 0.0525	 train_acc: 0.9794	 test_acc: 0.6685
Confusion_Matrix
    868    358     78      6      0      0      0      0      0      0      0      0      0      0      0
    282   5279    124    144      0      3      0     18      9      0      0      1      0      0      0
    122    176    570     52      0      1      0      0      0      0      3      1      0      0      0
      5      4      3   3778     98    150     23     16      1      0      0      0     20      0      1
      0      0      0    117    125    296     59      8      1      1      0      0      1      0      0
      0      0      0     98     19   2742    557    357     79     93     62      1     31      0      1
      0      0      0      2      0    205    184    331    210     84     42      0      3      0      0
      0      0      0     14      2    119     72    207    167     78    123     19     36     32     19
      0      0      0      0      1     25     27    268    329    315    208      0      0      0      0
      0      0      0     16      0     10     82    176    865   2337   1015     15      8      0      0
      0      0      0      5      0     13     23     60    247    836   6419    289     36      1      0
      0      0      4     38      3     27      3     15      6     29    997    929    142      7      6
      0      0      0     13      1      7      1      1      1      9    413    186   1074    302    112
      0      0      0      2      0      4      0      0      0      0     33      2    140    534    477
      0      4      0      2      0     11      0      0      1      1     53     10     87    659   1629
Class Accuracy
C0: 0.6626
C1: 0.9009
C2: 0.6162
C3: 0.9217
C4: 0.2056
C5: 0.6787
C6: 0.1734
C7: 0.2331
C8: 0.2805
C9: 0.5166
C10: 0.8096
C11: 0.4211
C12: 0.5066
C13: 0.4480
C14: 0.6630
epoch: 28
loss: 0.0481	 train_acc: 0.9813	 test_acc: 0.6662
Confusion_Matrix
    985    215    109      1      0      0      0      0      0      0      0      0      0      0      0
    393   4992    318    155      0      0      0      1      0      0      0      0      0      0      1
    123    104    659     35      0      2      0      0      0      0      1      1      0      0      0
      8      1      6   3791    116    145      7      9      0      0      0      2     14      0      0
      0      0      0    123    160    306     11      4      1      0      0      0      3      0      0
      0      0      0    106     49   2960    465    286     50     61     25      1     36      0      1
      0      0      0      1      1    289    177    371    139     45     33      1      4      0      0
      0      0      0     13      1    131    118    242     96     49    134     23     42     15     24
      0      0      0      6      1     97     66    295    287    252    169      0      0      0      0
      0      0      0     17      0     22    115    429    943   1979    996     16      7      0      0
      0      0      0     15      2     37     50    100    196    854   6263    403      9      0      0
      0      0      5     53      3     65      0      6      5     40    804   1148     68      3      6
      0      0      2     24      2     18      0      1      1     14    362    321    976    278    121
      0      0      0      4      0      6      0      0      0      0     25      4    127    481    545
      0      1      2      2      0     13      0      1      2      2     33     12     84    496   1809
Class Accuracy
C0: 0.7519
C1: 0.8519
C2: 0.7124
C3: 0.9249
C4: 0.2632
C5: 0.7327
C6: 0.1668
C7: 0.2725
C8: 0.2447
C9: 0.4374
C10: 0.7899
C11: 0.5204
C12: 0.4604
C13: 0.4035
C14: 0.7363
epoch: 29
loss: 0.0461	 train_acc: 0.9815	 test_acc: 0.6893
Confusion_Matrix
    984    240     86      0      0      0      0      0      0      0      0      0      0      0      0
    440   5198    155     52      0      0      0     14      0      0      1      0      0      0      0
    126    113    657     26      0      1      0      0      0      0      0      1      0      1      0
     11      2      9   3736    126    168     15      9      0      0      1      1     21      0      0
      0      0      0    116    201    265     19      4      1      0      0      0      2      0      0
      0      0      0    115     54   3136    367    205     19     60     43      2     39      0      0
      0      0      0      2      3    313    232    314    104     54     34      1      4      0      0
      0      0      0     35      2    123    123    238     70     62    127     13     67     13     15
      0      0      0      4      0     72     59    320    185    319    213      1      0      0      0
      0      0      0     13      0     24    107    389    540   2411   1006     26      8      0      0
      0      0      0      3      1     22     58     76    137    760   6493    353     22      4      0
      0      0      1     21      0     27      0      1      1     17    795   1158    157     13     15
      0      0      0     13      0     14      1      0      1      7    290    245   1205    240    104
      0      0      1      3      0      5      0      0      0      0     15      3    169    533    463
      0      2      5      2      0      8      0      1      1      2     21      6    114    819   1476
Class Accuracy
C0: 0.7511
C1: 0.8870
C2: 0.7103
C3: 0.9114
C4: 0.3306
C5: 0.7762
C6: 0.2187
C7: 0.2680
C8: 0.1577
C9: 0.5329
C10: 0.8189
C11: 0.5249
C12: 0.5684
C13: 0.4471
C14: 0.6007
epoch: 30
loss: 0.0443	 train_acc: 0.9823	 test_acc: 0.6768
Confusion_Matrix
    970    258     81      1      0      0      0      0      0      0      0      0      0      0      0
    383   5124    155    167      0      2      1     23      0      0      2      2      0      0      1
    130    132    616     43      0      1      0      0      0      0      2      1      0      0      0
      1      1      5   3788    105    150     25      9      1      0      0      1     13      0      0
      0      0      0    126    110    301     64      4      1      0      1      0      1      0      0
      0      0      0    104     24   2670    686    295     81    105     39      1     35      0      0
      0      0      0      1      0    223    258    278    168     94     35      0      4      0      0
      0      0      0     12      2    125    108    187    148     81    123     20     51     15     16
      0      0      0      3      0     35     61    233    261    391    189      0      0      0      0
      0      0      0     12      0      6     78    221    640   2606    945      8      7      0      1
      0      0      0      3      0     11     23     42    201    924   6395    304     21      3      2
      0      0      0     35      4     29      4      3     12     48    902    996    156      4     13
      0      0      2     13      1     11      0      1      1     15    323    234   1141    251    127
      0      0      1      3      0      5      0      0      0      2     22      2    139    497    521
      0      1      0      2      0      8      1      0      2      3     27      3    102    591   1717
Class Accuracy
C0: 0.7405
C1: 0.8744
C2: 0.6659
C3: 0.9241
C4: 0.1809
C5: 0.6609
C6: 0.2432
C7: 0.2106
C8: 0.2225
C9: 0.5760
C10: 0.8065
C11: 0.4515
C12: 0.5382
C13: 0.4169
C14: 0.6988
