Confusion_Matrix,the X-axis is predict lable, the Y-axis is the ture lable
epoch: 1
loss: 0.9860	 train_acc: 0.6476	 test_acc: 0.6377
Confusion_Matrix
   1167    130     13      0      0      0      0      0      0      0      0      0      0      0      0
   1883   3919     49      9      0      0      0      0      0      0      0      0      0      0      0
    601     50    248     24      0      2      0      0      0      0      0      0      0      0      0
      1     29     12   3719      1    324      0      0      0     10      1      2      0      0      0
      0      0      0     53      1    539      4      4      0      7      0      0      0      0      0
      0      0      0     55      0   2532    136    108     32   1166     11      0      0      0      0
      0      0      0      1      0    213     39     13     49    743      2      1      0      0      0
      0      0      0      4      0     95      8      8      4    524    155      3     72      1     14
      0      0      0      0      0      7      2      1      4    979    177      3      0      0      0
      0      0      0      0      0     12      0      3      0   3214   1274     16      5      0      0
      0      1      0     46      0     53      0      2      1   1100   6243    271    208      2      2
      0     11      5    101      0     70      0      2      0     63    700   1012    240      1      1
      0      4      0     13      0     25      0      3      0     40    287    157   1501     51     39
      0      2      0      2      0     19      0      0      0      3     10      3    349    338    466
      0      1      0      5      0      3      1      0      1     22      8      1    232    372   1811
Class Accuracy
C0: 0.8908
C1: 0.6688
C2: 0.2681
C3: 0.9073
C4: 0.0016
C5: 0.6267
C6: 0.0368
C7: 0.0090
C8: 0.0034
C9: 0.7104
C10: 0.7874
C11: 0.4587
C12: 0.7080
C13: 0.2836
C14: 0.7371
epoch: 2
loss: 0.6936	 train_acc: 0.7405	 test_acc: 0.7041
Confusion_Matrix
    642    365    292     11      0      0      0      0      0      0      0      0      0      0      0
    258   5189    328     85      0      0      0      0      0      0      0      0      0      0      0
     29     96    770     28      0      0      0      0      0      0      0      2      0      0      0
      0     14     10   3931     24     16      2      7      0      1      0     92      0      2      0
      0      0      0    255    130    208      1      4      0      0      0      9      0      1      0
      0      0      0    143     77   3379     71    132      1     95     64     77      0      1      0
      0      0      0      8      2    510    126     99     12    270     28      5      1      0      0
      0      0      0      1      0    117     27    146     32    206    233     28     98      0      0
      0      0      0      0      0     21     11    107     17    609    382     26      0      0      0
      0      0      0      2      0     23      7     89     37   2675   1629     50     12      0      0
      0      0      0      0      0      2      1      4      5    483   6408    892    132      0      2
      0      0      1      5      0      0      0      0      0      4    201   1767    228      0      0
      0      0      0      0      0      1      0      0      0      5    146    384   1575      5      4
      0      0      0      0      0      0      0      0      0      0     15     22    670    264    221
      0      0      0      1      0      1      0      0      2      1     18    110    644    259   1421
Class Accuracy
C0: 0.4901
C1: 0.8855
C2: 0.8324
C3: 0.9590
C4: 0.2138
C5: 0.8364
C6: 0.1188
C7: 0.1644
C8: 0.0145
C9: 0.5913
C10: 0.8082
C11: 0.8010
C12: 0.7429
C13: 0.2215
C14: 0.5783
epoch: 3
loss: 0.5940	 train_acc: 0.7769	 test_acc: 0.7009
Confusion_Matrix
    754    358    193      5      0      0      0      0      0      0      0      0      0      0      0
    277   5358    224      1      0      0      0      0      0      0      0      0      0      0      0
     31    110    759     22      1      1      0      0      0      0      0      1      0      0      0
      0     36      8   3903     98     46      1      1      0      3      0      3      0      0      0
      0      0      0    126    174    288     17      1      0      2      0      0      0      0      0
      0      0      0    125     75   2991    529    168     39     93      9     10      0      1      0
      0      0      0      9      4    222    410    169     45    189      7      6      0      0      0
      0      0      0      5      0     33    108    195     77    170    223     13     43     21      0
      0      0      0      5      0      7     19     83    175    582    280     22      0      0      0
      0      0      0     16      1      1     77     55    350   2535   1459     30      0      0      0
      0      0      0     33      1      4      5      1     48    596   6547    682     11      0      1
      0      5      4    102      9      2      0      1      2     35    458   1493     95      0      0
      0      8      0     23      2      6      4      6      4     17    440    362   1221     18      9
      0     13      0      5      1     12      3      9      0      1     81      8    408    348    303
      0     17      0     20      2     10      6      5     13     13     99     17    273    534   1448
Class Accuracy
C0: 0.5756
C1: 0.9143
C2: 0.8205
C3: 0.9522
C4: 0.2862
C5: 0.7403
C6: 0.3864
C7: 0.2196
C8: 0.1492
C9: 0.5603
C10: 0.8257
C11: 0.6768
C12: 0.5759
C13: 0.2919
C14: 0.5893
epoch: 4
loss: 0.5160	 train_acc: 0.8076	 test_acc: 0.6418
Confusion_Matrix
   1057    108    144      1      0      0      0      0      0      0      0      0      0      0      0
   1045   4448    366      1      0      0      0      0      0      0      0      0      0      0      0
    130     45    724     24      0      1      0      0      0      0      0      1      0      0      0
      2     11     12   3553    433     78      5      0      0      0      3      0      0      0      2
      0      0      0     34    252    236     84      1      0      0      0      0      0      0      1
      0      0      0     55     79   2973    842     57     25      1      6      1      0      0      1
      0      0      0      1      4    255    608    123     61      0      9      0      0      0      0
      0      0      0      0      1     42    285    188    121     78     95     19     37     22      0
      0      0      0      2      1      7    127    273    504    139    116      4      0      0      0
      0      0      0      0      0     22    155    478   1802   1417    627     23      0      0      0
      0      0      0     20      3     37     55    118    700    824   5512    628     31      0      1
      0      0      1     59     20     32     11      6     16     10    358   1578    113      2      0
      0      0      0     31     14     35     14     29      2      1    251    378   1271     71     23
      0      1      0     17      5     14      3      2      2      0     34     15    312    566    221
      0      0      0     28      8     20      4      4      5      1     54     47    211    803   1272
Class Accuracy
C0: 0.8069
C1: 0.7590
C2: 0.7827
C3: 0.8668
C4: 0.4145
C5: 0.7359
C6: 0.5730
C7: 0.2117
C8: 0.4297
C9: 0.3132
C10: 0.6952
C11: 0.7153
C12: 0.5995
C13: 0.4748
C14: 0.5177
epoch: 5
loss: 0.4641	 train_acc: 0.8287	 test_acc: 0.6936
Confusion_Matrix
    861    346    101      2      0      0      0      0      0      0      0      0      0      0      0
    284   5479     97      0      0      0      0      0      0      0      0      0      0      0      0
    178    139    577     25      2      0      0      0      0      0      0      4      0      0      0
      0     44      5   3777    139     61     15      3      0      4      3     42      0      2      4
      0      0      0    143    151    237     67      4      1      0      0      4      0      1      0
      0      0      0     44     26   3076    429    270     43     46     58     45      0      1      2
      0      0      0      1      0    267    362    261    114     30     18      8      0      0      0
      0      0      0      1      0     46     75    226    107     87    252     26     48      9     11
      0      0      0      0      0      3     20    172    253    428    282     14      1      0      0
      0      0      0      0      1      0     22    239    904   1869   1468     19      2      0      0
      0      0      0      1      0      0      6     23    153    552   6686    475     31      0      2
      0      0      0      0      1      1      4      0      1     15    582   1475    127      0      0
      0      0      0      0      5      1      1      1      3      2    339    383   1336     29     20
      0      0      0      1      0      0      0      0      0      0     38     19    427    402    305
      0      0      0      0      2      1      0      0      1      0     24     13    310    622   1484
Class Accuracy
C0: 0.6573
C1: 0.9350
C2: 0.6238
C3: 0.9214
C4: 0.2484
C5: 0.7614
C6: 0.3412
C7: 0.2545
C8: 0.2157
C9: 0.4131
C10: 0.8432
C11: 0.6686
C12: 0.6302
C13: 0.3372
C14: 0.6040
epoch: 6
loss: 0.4145	 train_acc: 0.8458	 test_acc: 0.7125
Confusion_Matrix
    964    196    148      2      0      0      0      0      0      0      0      0      0      0      0
    452   5137    271      0      0      0      0      0      0      0      0      0      0      0      0
     78     82    745     18      0      2      0      0      0      0      0      0      0      0      0
      0     20      8   3908     62     54      1     32      0      5      2      5      0      2      0
      0      0      0    147    170    247     35      8      0      1      0      0      0      0      0
      0      0      0    107     45   3121    283    357     19     44     63      0      0      1      0
      0      0      0      6      1    232    210    367     40    172     33      0      0      0      0
      0      0      0      2      0     39     21    263    108    161    176     43     54     18      3
      0      0      0      1      1     10      3     79     84    560    435      0      0      0      0
      0      0      0      0      0      6      3    186    136   2467   1713     13      0      0      0
      0      0      0     10      0     14      0     16     27    526   6771    466     96      0      3
      0      0      1     63      0     31      0      1      0     35    565   1273    237      0      0
      0      0      0      1      5     10      1      6      1      1    148    320   1418     96    113
      0      0      0      0      1      2      0      2      0      0     13      4    242    481    447
      0      0      0      1      1     12      0      2      7      0     15      9    123    520   1767
Class Accuracy
C0: 0.7359
C1: 0.8766
C2: 0.8054
C3: 0.9534
C4: 0.2796
C5: 0.7725
C6: 0.1979
C7: 0.2962
C8: 0.0716
C9: 0.5453
C10: 0.8540
C11: 0.5771
C12: 0.6689
C13: 0.4035
C14: 0.7192
epoch: 7
loss: 0.3846	 train_acc: 0.8577	 test_acc: 0.7040
Confusion_Matrix
   1027    264     18      1      0      0      0      0      0      0      0      0      0      0      0
    362   5443     55      0      0      0      0      0      0      0      0      0      0      0      0
    265    186    444     29      0      1      0      0      0      0      0      0      0      0      0
      1     26      4   3869     98     76      3     19      0      0      2      0      0      1      0
      0      0      0    120    165    265     53      4      1      0      0      0      0      0      0
      0      4      0     94     40   3431     74    326     13     42     15      0      0      1      0
      0      0      0      9      1    342    178    432     50     32     17      0      0      0      0
      0      0      0      3      0     40     28    284    106    187    134     13     74     15      4
      0      0      0      2      0      5      4    135    178    675    174      0      0      0      0
      0      0      0      1      2      0      1    275    400   2874    961      7      3      0      0
      0      0      2     11      0      4      3     31     73   1223   6204    294     83      0      1
      0      7      5     56      0     15      2     15      5     85    796    966    253      1      0
      0      0      0     14      1      3     16     19     13     35    324    147   1502     34     12
      0      0      0     13      0     13      0      2      7      0     30      2    452    421    252
      0      3      0     14      0     13      2     12     16      7     65      2    300    572   1451
Class Accuracy
C0: 0.7840
C1: 0.9288
C2: 0.4800
C3: 0.9439
C4: 0.2714
C5: 0.8493
C6: 0.1678
C7: 0.3198
C8: 0.1517
C9: 0.6353
C10: 0.7824
C11: 0.4379
C12: 0.7085
C13: 0.3532
C14: 0.5906
epoch: 8
loss: 0.3552	 train_acc: 0.8682	 test_acc: 0.7013
Confusion_Matrix
   1047    169     93      1      0      0      0      0      0      0      0      0      0      0      0
    506   5185    159     10      0      0      0      0      0      0      0      0      0      0      0
    192     87    607     38      1      0      0      0      0      0      0      0      0      0      0
      0     33      1   3855    186     21      1      0      0      0      1      1      0      0      0
      0      0      0     78    393    130      6      1      0      0      0      0      0      0      0
      0      0      0     88    189   3521    104    121      2      7      6      1      0      1      0
      0      0      0     10     12    515    160    315     20     25      4      0      0      0      0
      0      0      0      9      1    125    100    352     13     96     36     30    104     20      2
      0      0      0      8      2     25     13    325    125    573     39     62      1      0      0
      0      0      0     15      1     15      6    730    406   2816    514     13      5      0      3
      0      0      4     37      2      7     14    104     88   1748   5035    618    264      0      8
      0      0     17    128     10     11      2      4      2     23    251   1351    405      2      0
      0      0      0     13      6      1     15      1      0      7     76    197   1739     47     18
      0      0      0      8      2      2      0      3      0      0      0      1    375    462    339
      0      0      0      0      7     12      0      0      0     13      6      1    258    482   1678
Class Accuracy
C0: 0.7992
C1: 0.8848
C2: 0.6562
C3: 0.9405
C4: 0.6464
C5: 0.8715
C6: 0.1508
C7: 0.3964
C8: 0.1066
C9: 0.6225
C10: 0.6350
C11: 0.6124
C12: 0.8203
C13: 0.3876
C14: 0.6829
epoch: 9
loss: 0.3277	 train_acc: 0.8791	 test_acc: 0.6809
Confusion_Matrix
    803    196    307      4      0      0      0      0      0      0      0      0      0      0      0
    245   5014    601      0      0      0      0      0      0      0      0      0      0      0      0
     19     43    839     24      0      0      0      0      0      0      0      0      0      0      0
      0     17     14   3907     64     83      2      6      2      0      1      1      0      2      0
      0      0      0    113    159    268     63      3      2      0      0      0      0      0      0
      0      0      0     90     25   3444    259    189     23      2      6      1      0      1      0
      0      0      0      4      1    283    436    317     14      5      1      0      0      0      0
      0      0      0      4      0     47    113    311    157     59     88     16     74     19      0
      0      0      0     17      0     12     23    292    327    378    110     14      0      0      0
      0      0      0      5      0     12     41    527   1132   1895    903      8      1      0      0
      1      0      8     79      0     15     24     78    295    946   5942    470     71      0      0
      0      0     23    165      2     30     13      6     33     57    518   1210    147      2      0
      0      0      1     31      2      3     25      1     20      7    228    343   1415     37      7
      0      0      0     17      0      7      0      0      6      0     32      7    458    476    189
      0      0      2     20     14      5      5      0      3      1     42      3    345    692   1325
Class Accuracy
C0: 0.6130
C1: 0.8556
C2: 0.9070
C3: 0.9532
C4: 0.2615
C5: 0.8525
C6: 0.4109
C7: 0.3502
C8: 0.2788
C9: 0.4189
C10: 0.7494
C11: 0.5485
C12: 0.6675
C13: 0.3993
C14: 0.5393
epoch: 10
loss: 0.3057	 train_acc: 0.8878	 test_acc: 0.6984
Confusion_Matrix
    978    185    147      0      0      0      0      0      0      0      0      0      0      0      0
    403   5210    247      0      0      0      0      0      0      0      0      0      0      0      0
     61     95    748     19      0      1      0      0      0      0      0      1      0      0      0
      0     27     28   3896     80     65      0      1      0      0      2      0      0      0      0
      0      0      0    138    212    248      8      1      0      0      0      0      0      1      0
      0      0      0     91     66   3671     64     45     62      6      9     25      0      1      0
      0      0      0     10     10    617    148    138    126      6      4      2      0      0      0
      0      0      0      1      0    102     60    213    233     87     81      7     82     22      0
      0      0      0      6      1     46     14    139    298    508    153      8      0      0      0
      0      0      0      0      0     47     33    248    988   2267    927     14      0      0      0
      0      0      2     15      2     11      8     24    219    978   6077    514     78      0      1
      0      0     21     28      1     23      1      1     18     21    478   1396    212      5      1
      0      1      0     32      0     22      3      0      0      9    151    338   1343    197     24
      0      2      0     19      0      6      0      0      0      0     18     11    219    737    180
      0      9      0     16      0      4      0      0      0      1     26     20    128   1238   1015
Class Accuracy
C0: 0.7466
C1: 0.8891
C2: 0.8086
C3: 0.9505
C4: 0.3487
C5: 0.9087
C6: 0.1395
C7: 0.2399
C8: 0.2540
C9: 0.5011
C10: 0.7664
C11: 0.6328
C12: 0.6335
C13: 0.6183
C14: 0.4131
epoch: 11
loss: 0.2847	 train_acc: 0.8950	 test_acc: 0.6933
Confusion_Matrix
    871    322    117      0      0      0      0      0      0      0      0      0      0      0      0
    218   5466    175      0      0      0      0      0      0      0      0      0      0      1      0
     67    139    676     40      0      0      0      0      0      0      0      1      0      0      2
      0     21      2   3950     83     35      0      1      0      1      0      2      0      0      4
      0      0      0    144    306    146      8      3      0      0      0      0      0      0      1
      0      0      0    112    213   3602     57     25     15      2      9      3      0      1      1
      0      0      0      6     14    680    249     57     37     11      7      0      0      0      0
      0      0      0      4      3    167    149    161     99     88    105     34     57     20      1
      0      0      0      4      6    111     72    131    171    569     95     13      0      0      1
      0      0      0      3      0     60     72    614    986   2146    606     24      1      0     12
      0      0      1     21      0     41     22    107    175   1370   5444    629    116      0      3
      0      1     10     88      2     14      0      0      0     28    364   1472    222      0      5
      0      5      0     13     14      8      3      0      0     11     94    402   1426    119     25
      0      4      0     14      1     10      0      0      0      0      4      7    289    605    258
      0      3      0      5      5      7      0      0      1      1      6      2    183    787   1457
Class Accuracy
C0: 0.6649
C1: 0.9328
C2: 0.7308
C3: 0.9636
C4: 0.5033
C5: 0.8916
C6: 0.2347
C7: 0.1813
C8: 0.1458
C9: 0.4744
C10: 0.6866
C11: 0.6673
C12: 0.6726
C13: 0.5076
C14: 0.5930
epoch: 12
loss: 0.2694	 train_acc: 0.8999	 test_acc: 0.7225
Confusion_Matrix
    876    363     56     15      0      0      0      0      0      0      0      0      0      0      0
    200   5515    103     42      0      0      0      0      0      0      0      0      0      0      0
    163    160    536     64      0      1      0      0      0      0      0      1      0      0      0
      0      8      0   3807    106    172      0      1      0      0      1      2      0      0      2
      0      0      0     97    141    357     12      1      0      0      0      0      0      0      0
      0      0      0     81     12   3729    102     40     15     47     11      2      0      0      1
      0      0      0      3      0    553    209    174     58     51      9      4      0      0      0
      0      0      0      1      0    144     77    101    154    169    114     19     89     20      0
      0      0      0      6      0     45      6     50    127    780    150      9      0      0      0
      0      0      0      7      0     44      2    117    303   3254    791      6      0      0      0
      0      0      0     15      0     39      3     18     52   1150   6038    474    136      0      4
      0      0      2    103      0     44      0      0      1     63    481   1217    293      2      0
      0      2      0     12      1     53      0      1      1      9    177    237   1475    117     35
      0      4      0      5      0     33      0      0      1      0      6      3    246    578    316
      0      1      0      8      0     21      0      0      0      1     10      7    175    654   1580
Class Accuracy
C0: 0.6687
C1: 0.9411
C2: 0.5795
C3: 0.9288
C4: 0.2319
C5: 0.9230
C6: 0.1970
C7: 0.1137
C8: 0.1083
C9: 0.7193
C10: 0.7615
C11: 0.5517
C12: 0.6958
C13: 0.4849
C14: 0.6431
epoch: 13
loss: 0.2505	 train_acc: 0.9071	 test_acc: 0.7129
Confusion_Matrix
    954    225    127      4      0      0      0      0      0      0      0      0      0      0      0
    356   5365    134      5      0      0      0      0      0      0      0      0      0      0      0
    118    118    654     30      0      1      0      0      0      0      1      2      0      0      1
      0     15      1   3969     50     51      2      7      1      2      0      0      1      0      0
      0      0      0    119    148    280     49      8      0      0      1      1      1      0      1
      0      0      0     97     20   3494    114    234     55      5     18      1      1      1      0
      0      0      0      3      0    328    216    449     31      3     31      0      0      0      0
      0      0      0      4      0     62     49    297     92     51    214      3     94     21      1
      0      0      0      6      0     24      6    247    296    350    225     19      0      0      0
      0      0      0      1      0      4      7    418    522   2301   1252     10      3      0      6
      0      0      0      7      0      9      4     71    136    652   6293    525    230      0      2
      0      0      0     25      0      4      0      0      7      9    449   1270    440      2      0
      0      0      0      0      3      1      2      0      2      0     81    212   1689    117     13
      0      0      0      0      1      0      0      0      0      0      1      3    313    663    211
      0      0      0      0      4      5      0      0      0      0      3      4    223   1030   1188
Class Accuracy
C0: 0.7282
C1: 0.9155
C2: 0.7070
C3: 0.9683
C4: 0.2434
C5: 0.8649
C6: 0.2036
C7: 0.3345
C8: 0.2523
C9: 0.5086
C10: 0.7937
C11: 0.5757
C12: 0.7967
C13: 0.5562
C14: 0.4835
epoch: 14
loss: 0.2345	 train_acc: 0.9132	 test_acc: 0.7213
Confusion_Matrix
    840    173    295      2      0      0      0      0      0      0      0      0      0      0      0
    279   5136    438      7      0      0      0      0      0      0      0      0      0      0      0
     35     49    819     20      0      0      0      0      0      0      0      1      0      0      1
      0     17     26   3925     86     28      1      0      0      5      7      1      1      0      2
      0      0      0    149    360     87     10      0      1      1      0      0      0      0      0
      0      0      0    121    248   3402    127     88     11     30     11      1      0      1      0
      0      0      0     21      6    459    104    361     58     45      7      0      0      0      0
      0      0      0      5      4     86     70    216     52    221    124     21     70     19      0
      0      0      0      8      1     37      8    171    156    569    206     17      0      0      0
      0      0      0      1      0     68     15    262    282   2814   1060     20      2      0      0
      0      0      7      7      1     10      1     34     38   1026   6089    606    100      0     10
      0      0      5     49      8      9      1      0      7     43    351   1520    207      3      3
      0      0      0      7     16     12      7      2      0     15     88    353   1460    104     56
      0      0      0      2      6      1      0      0      0      0      1      6    241    428    507
      0      2      0      0     35      1      0      0      0      0      2      7    161    382   1867
Class Accuracy
C0: 0.6412
C1: 0.8765
C2: 0.8854
C3: 0.9576
C4: 0.5921
C5: 0.8421
C6: 0.0980
C7: 0.2432
C8: 0.1330
C9: 0.6220
C10: 0.7679
C11: 0.6890
C12: 0.6887
C13: 0.3591
C14: 0.7599
epoch: 15
loss: 0.2169	 train_acc: 0.9199	 test_acc: 0.7150
Confusion_Matrix
    953    294     59      4      0      0      0      0      0      0      0      0      0      0      0
    285   5446    122      7      0      0      0      0      0      0      0      0      0      0      0
     66    161    668     25      1      1      0      0      0      0      1      1      0      0      1
      0     12      6   3715    238     65     36      5      4      5      2      1      2      0      8
      0      0      0     49    220    259     72      3      1      0      3      1      0      0      0
      0      0      0     70     40   2913    674    211     51     54      8      5      4      1      9
      0      0      0      0      2    157    327    363    113     81     18      0      0      0      0
      0      0      0      1      0     19     55    244    101    234    129     13     76     16      0
      0      0      0      0      0      6     21     92     92    766    186     10      0      0      0
      0      0      0      0      0      1     11     97    184   3425    787     16      1      0      2
      0      0      0      2      1      0      4     13     37   1601   5546    593    120      0     12
      0      0      1      7      8      6      2      1      9     58    344   1550    216      4      0
      0      0      0      0      6      1     12      4      3     26    104    331   1426    119     88
      0      0      2      0      1      0      0      0      0      0      6      7    214    484    478
      0      0      1      0      6      7      0      1      2      0      3      7    128    432   1870
Class Accuracy
C0: 0.7275
C1: 0.9294
C2: 0.7222
C3: 0.9063
C4: 0.3618
C5: 0.7210
C6: 0.3082
C7: 0.2748
C8: 0.0784
C9: 0.7571
C10: 0.6995
C11: 0.7026
C12: 0.6726
C13: 0.4060
C14: 0.7611
epoch: 16
loss: 0.2011	 train_acc: 0.9255	 test_acc: 0.7231
Confusion_Matrix
    920    317     73      0      0      0      0      0      0      0      0      0      0      0      0
    244   5486    130      0      0      0      0      0      0      0      0      0      0      0      0
     78    144    676     26      0      0      0      0      0      0      1      0      0      0      0
      0     19      5   3925    122     21      2      2      0      0      2      0      0      0      1
      0      0      0    110    387     53     55      3      0      0      0      0      0      0      0
      0      0      0    101    335   3258    191    112     22      6     12      2      0      1      0
      0      0      0     11      7    338    211    413     33     30     18      0      0      0      0
      0      0      0      5      2     73     70    332     48     89    146     23     82     18      0
      0      0      0      9      9     23     24    149    140    548    256     15      0      0      0
      0      0      0      3      0     11     16    228    236   2657   1352     19      2      0      0
      0      0      7     13      6      9      7     39     51    727   6408    515    127      0     20
      0      0     16     42     21     18      1      3      1     21    556   1288    232      3      4
      0      0      3     12     29     11     10      1      0      0    123    299   1422    105    105
      0     10      2      6      5      6      0      2      0      1      1      6    264    516    373
      0     26      5     14     26      4      0      1      0      0     15      6    184    596   1580
Class Accuracy
C0: 0.7023
C1: 0.9362
C2: 0.7308
C3: 0.9576
C4: 0.6365
C5: 0.8064
C6: 0.1989
C7: 0.3739
C8: 0.1194
C9: 0.5873
C10: 0.8082
C11: 0.5839
C12: 0.6708
C13: 0.4329
C14: 0.6431
epoch: 17
loss: 0.1871	 train_acc: 0.9306	 test_acc: 0.7320
Confusion_Matrix
   1007    187    116      0      0      0      0      0      0      0      0      0      0      0      0
    335   5365    160      0      0      0      0      0      0      0      0      0      0      0      0
     69     86    744     25      0      0      0      0      0      0      0      0      0      0      1
      0     24      6   3934     74     49      1      2      0      0      3      0      2      0      4
      0      0      0    112    264    175     53      3      0      0      0      0      0      1      0
      0      0      0    106     62   3613    110     63     34     28     14      3      0      1      6
      0      0      0     24      1    483    251    169    110      8     15      0      0      0      0
      0      0      0      2      0    105    115    192    118     72    177     28     60     19      0
      0      0      0      2      0     40     30    147    289    431    191     43      0      0      0
      0      0      0      0      0     27     30    303    679   2474    986     23      1      0      1
      0      0      3     14      0     19     13     25    101    766   6093    658    222      0     15
     10      1      5     46      8     18      3      0      0     21    347   1495    248      2      2
      0      0      0      5     11      4     16      0      2      5     90    342   1506     76     63
      0      1      0      6      2      1      0      2      0      0      4      2    303    453    418
      0      7      0      4      3      1      0      7      0      0     10      2    213    325   1885
Class Accuracy
C0: 0.7687
C1: 0.9155
C2: 0.8043
C3: 0.9597
C4: 0.4342
C5: 0.8943
C6: 0.2366
C7: 0.2162
C8: 0.2464
C9: 0.5469
C10: 0.7684
C11: 0.6777
C12: 0.7104
C13: 0.3800
C14: 0.7672
epoch: 18
loss: 0.1782	 train_acc: 0.9339	 test_acc: 0.7145
Confusion_Matrix
    952    262     94      2      0      0      0      0      0      0      0      0      0      0      0
    241   5497    122      0      0      0      0      0      0      0      0      0      0      0      0
     90    159    646     27      0      1      0      0      0      0      1      0      0      0      1
      0     16      6   3890    125     49      3      2      0      0      6      0      0      0      2
      0      0      0    103    335    110     58      1      0      1      0      0      0      0      0
      0      0      0    100     99   3343    303    154     12     14      8      0      0      1      6
      0      0      0      6      1    305    377    344     13      8      7      0      0      0      0
      0      0      0      4      0     61    125    252     97    106    136     11     77     19      0
      0      0      0      8      0     30     30    257    185    534    106     23      0      0      0
      0      0      0      4      0     15     38    394    475   2789    791     18      0      0      0
      0      0      4     46      0     26     29     50     76   1292   5784    487    130      1      4
      0      2     11    123      8     32     12      2      8     73    511   1240    181      3      0
      0      0      0     32      4      8     13      0      2      6    171    314   1352    156     62
      0      0      0      5      1      0      0      0      0      1      5      6    197    568    409
      0      1      0      0      0      0      0      0      0      0      8      5    109    683   1651
Class Accuracy
C0: 0.7267
C1: 0.9381
C2: 0.6984
C3: 0.9490
C4: 0.5510
C5: 0.8275
C6: 0.3553
C7: 0.2838
C8: 0.1577
C9: 0.6165
C10: 0.7295
C11: 0.5621
C12: 0.6377
C13: 0.4765
C14: 0.6720
epoch: 19
loss: 0.1634	 train_acc: 0.9402	 test_acc: 0.7053
Confusion_Matrix
    879    247    181      3      0      0      0      0      0      0      0      0      0      0      0
    201   5451    206      2      0      0      0      0      0      0      0      0      0      0      0
     55    110    735     20      3      1      0      0      0      0      0      0      0      0      1
      0     15     10   3420    595     46      3      2      2      1      1      0      0      0      4
      0      0      0     23    397    145     37      5      1      0      0      0      0      0      0
      0      0      0     69    145   3394    256    143      7     13      3      4      0      0      6
      0      0      0      3      2    364    336    305     42      5      4      0      0      0      0
      0      0      0      0      2     89    123    225     93    104    152     23     45     31      1
      0      0      0     20      3     59     31    185    139    598    114     23      0      0      1
      0      0      0     12      2     83     29    295    462   2846    751     35      0      0      9
      0      0      1     28      7     49     25     46    127   1177   5759    604    101      0      5
      0      0      1     58     28     43      2      1      7     32    374   1493    161      5      1
      0      0      0      8     22     18      0      6      0      1    137    375   1272    182     99
      0      0      0      1      7      0      0      1      0      0      2      4    181    636    360
      0      0      1      4     12      9      0      0      2      0      7      3    101    811   1507
Class Accuracy
C0: 0.6710
C1: 0.9302
C2: 0.7946
C3: 0.8343
C4: 0.6530
C5: 0.8401
C6: 0.3167
C7: 0.2534
C8: 0.1185
C9: 0.6291
C10: 0.7263
C11: 0.6768
C12: 0.6000
C13: 0.5336
C14: 0.6133
epoch: 20
loss: 0.1510	 train_acc: 0.9441	 test_acc: 0.7101
Confusion_Matrix
   1039    139    127      5      0      0      0      0      0      0      0      0      0      0      0
    506   5088    233      0      0      0      0      0      0      0      0     33      0      0      0
     99     71    720     29      1      2      0      0      0      0      1      1      0      0      1
      0     10      1   3925     75     64      4      5      1      2      7      1      2      0      2
      0      0      0    113    337     95     58      3      0      0      0      1      0      0      1
      0      0      0     81    189   3288    341     78     35      7     16      4      0      0      1
      0      0      0      6      3    305    351    303     67     13     13      0      0      0      0
      0      0      0      2      1     66    105    222    151     56    182     15     54     34      0
      0      0      0      4      1     38     30    134    221    482    235     28      0      0      0
      0      0      0      0      0     34     38    266    608   2365   1199     14      0      0      0
      0      0      1      6      1      3     22     23    107    760   6499    399    106      0      2
      0      0      1     35      2     12      3      0      3      7    714   1253    169      7      0
      0      0      0      5      6      7      9      3      3     13    204    259   1357    191     63
      0      0      0      3      3      1      0      5      0      0      7      4    205    591    373
      0     15      0      6     14     18      0      4      4      0     15      6    141    808   1426
Class Accuracy
C0: 0.7931
C1: 0.8683
C2: 0.7784
C3: 0.9576
C4: 0.5543
C5: 0.8139
C6: 0.3308
C7: 0.2500
C8: 0.1884
C9: 0.5228
C10: 0.8196
C11: 0.5680
C12: 0.6401
C13: 0.4958
C14: 0.5804
epoch: 21
loss: 0.1425	 train_acc: 0.9470	 test_acc: 0.7227
Confusion_Matrix
    947    200    149     14      0      0      0      0      0      0      0      0      0      0      0
    320   5358    169     13      0      0      0      0      0      0      0      0      0      0      0
     48     85    743     45      1      0      0      0      0      0      1      1      0      0      1
      0     15      0   3821    172     71      2      5      0      1      9      0      1      0      2
      0      0      0     92    212    240     60      4      0      0      0      0      0      0      0
      0      0      0     91     68   3286    306    216     34     24     10      2      0      0      3
      1      0      0      3      0    223    227    462    114     18     13      0      0      0      0
      0      0      0      1      0     29     60    343     87     97    159     11     80     21      0
      0      0      0      0      1     23     20    224    180    500    205     20      0      0      0
      0      0      0      0      0     12     22    384    365   2896    825     20      0      0      0
      0      0      0      9      1      4      6     47     43   1003   6094    556    163      2      1
      0      0      0     31      5     18      4      3      3     34    437   1398    269      4      0
      0      0      0     12      0     12      1      1      3      7    107    287   1524    140     26
      0      0      0      4      2      0      0      0      0      0      4      3    234    609    336
      0      2      0      4      0      1      0      0      0      0     13      2    148    733   1554
Class Accuracy
C0: 0.7229
C1: 0.9143
C2: 0.8032
C3: 0.9322
C4: 0.3487
C5: 0.8134
C6: 0.2139
C7: 0.3863
C8: 0.1535
C9: 0.6401
C10: 0.7686
C11: 0.6337
C12: 0.7189
C13: 0.5109
C14: 0.6325
epoch: 22
loss: 0.1328	 train_acc: 0.9503	 test_acc: 0.7189
Confusion_Matrix
    936    264    110      0      0      0      0      0      0      0      0      0      0      0      0
    265   5429    166      0      0      0      0      0      0      0      0      0      0      0      0
     69    132    693     28      1      0      0      0      0      0      1      0      0      0      1
      0     15      5   3815    208     37      4      3      0      0      8      1      0      0      3
      0      0      0    112    301    134     56      4      0      1      0      0      0      0      0
      0      0      0    104    113   3198    417    127     21     31     17      5      0      0      7
      0      0      0      2      1    318    284    317     86     37     16      0      0      0      0
      0      0      0      2      1     59     74    212    127    126    165      4     95     20      3
      0      0      0      1      1     32     17    133    152    589    234     14      0      0      0
      0      0      0      0      0     34     19    220    449   2765   1018     13      0      0      6
      0      0      3     10      2      7      9     22     94    797   6298    519    162      0      6
      0      0      3     56      9     16      2      2      2     27    505   1292    282      8      2
      1      1      0     11      4      5      3      6      1     12    116    263   1482    155     60
      0      0      0      6      3      0      0      0      0      2      2      2    246    494    437
      0      1      0      5      9      9      0      0      0      2     19      6    141    579   1686
Class Accuracy
C0: 0.7145
C1: 0.9265
C2: 0.7492
C3: 0.9307
C4: 0.4951
C5: 0.7916
C6: 0.2677
C7: 0.2387
C8: 0.1296
C9: 0.6112
C10: 0.7943
C11: 0.5857
C12: 0.6991
C13: 0.4144
C14: 0.6862
epoch: 23
loss: 0.1239	 train_acc: 0.9540	 test_acc: 0.7168
Confusion_Matrix
    925    230    155      0      0      0      0      0      0      0      0      0      0      0      0
    236   5449    175      0      0      0      0      0      0      0      0      0      0      0      0
     53    121    719     28      1      1      0      0      0      0      1      0      0      0      1
      0     13      4   3895    119     51      6      3      0      0      6      0      0      0      2
      0      0      0    111    220    215     59      1      1      0      0      0      1      0      0
      0      0      0     95    105   3445    169    170     26     21      8      1      0      0      0
      0      0      0      3      1    361    205    406     58     16     11      0      0      0      0
      0      0      0      2      0     82     43    292    122     74    151      6     95     21      0
      0      0      0     14      0     49      8    228    202    460    206      6      0      0      0
      0      0      0      0      0     48      3    382    412   2642   1022     14      1      0      0
      0      0      0     14      4     31      5     64    106    888   6259    480     76      0      2
      4      0      0     82      9     47      1      7      8     48    540   1266    187      6      1
      1      0      0     14     11     29      0      5      4      7    147    299   1462    110     31
      0      2      0      4      4      1      0      0      0      0      5      6    292    619    259
      0      1      0      2      9     15      1      3      7      0     18      8    178    862   1353
Class Accuracy
C0: 0.7061
C1: 0.9299
C2: 0.7773
C3: 0.9502
C4: 0.3618
C5: 0.8527
C6: 0.1932
C7: 0.3288
C8: 0.1722
C9: 0.5840
C10: 0.7894
C11: 0.5739
C12: 0.6896
C13: 0.5193
C14: 0.5507
epoch: 24
loss: 0.1164	 train_acc: 0.9568	 test_acc: 0.7078
Confusion_Matrix
   1068    121    119      2      0      0      0      0      0      0      0      0      0      0      0
    553   5071    232      4      0      0      0      0      0      0      0      0      0      0      0
    118     69    707     28      0      1      0      0      0      0      1      0      0      0      1
      0     14      2   3791    176     94      8      2      0      0      5      2      3      0      2
      0      0      0     74    181    290     56      2      1      0      1      3      0      0      0
      0      0      0    100     43   3372    273    142     56     29     21      3      0      0      1
      0      0      0      8      0    331    234    325    120     26     17      0      0      0      0
      0      0      0      7      0     74     62    181    142    109    191      3    101     18      0
      0      0      0      7      0     47      9    106    237    468    285     14      0      0      0
      0      0      0      1      0     46      9    222    434   2383   1413     16      0      0      0
      0      0      1      5      1      9      5     17     86    622   6448    573    161      0      1
      0      0      1     38      3     18      0      0     10     38    460   1375    259      3      1
      0      2      0     13      0      7      4      4      3      5    162    258   1487    126     49
      0      0      0      7      1      0      0      0      0      0      3      6    261    552    362
      0      0      0     10      7     17      0      0      0      0     10      8    182    719   1504
Class Accuracy
C0: 0.8153
C1: 0.8654
C2: 0.7643
C3: 0.9249
C4: 0.2977
C5: 0.8347
C6: 0.2205
C7: 0.2038
C8: 0.2020
C9: 0.5267
C10: 0.8132
C11: 0.6233
C12: 0.7014
C13: 0.4631
C14: 0.6121
epoch: 25
loss: 0.1093	 train_acc: 0.9592	 test_acc: 0.7224
Confusion_Matrix
    985    250     75      0      0      0      0      0      0      0      0      0      0      0      0
    286   5437    137      0      0      0      0      0      0      0      0      0      0      0      0
     75    133    682     30      1      0      0      0      0      0      3      0      0      0      1
      0     18      3   3914     82     64      5      4      0      3      4      0      0      0      2
      0      0      0    146    229    175     54      2      0      1      0      0      0      0      1
      0      0      0    124    101   3497    152     97     26     31     10      1      0      0      1
      0      0      0      8      2    469    174    298     66     38      6      0      0      0      0
      0      0      0      5      0     94     67    269     85    102    147      0     99     20      0
      0      0      0      3      1     35     17    183    225    514    184     11      0      0      0
      0      0      0      0      0     41     14    348    407   2795    906     13      0      0      0
      0      0      0     19      2     27     18     34     61    986   6199    408    173      1      1
      0      0      3     62     11     31      0      1     10     44    514   1222    304      4      0
      1      0      0     19      2     10      3      0      3     14    137    228   1489    183     31
      0      1      0      4      3      0      0      0      0      0      4      5    227    535    413
      0      9      0      1     32     14      0      0      0      0     12      8    138    717   1526
Class Accuracy
C0: 0.7519
C1: 0.9278
C2: 0.7373
C3: 0.9549
C4: 0.3766
C5: 0.8656
C6: 0.1640
C7: 0.3029
C8: 0.1918
C9: 0.6178
C10: 0.7818
C11: 0.5539
C12: 0.7024
C13: 0.4488
C14: 0.6211
epoch: 26
loss: 0.0998	 train_acc: 0.9625	 test_acc: 0.7148
Confusion_Matrix
    881    286    143      0      0      0      0      0      0      0      0      0      0      0      0
    204   5448    208      0      0      0      0      0      0      0      0      0      0      0      0
     57    117    715     35      0      0      0      0      0      0      0      0      0      0      1
      0     17      4   3847    125     91      2      3      0      0      6      0      2      0      2
      0      0      0     77    251    224     55      0      1      0      0      0      0      0      0
      0      0      0    104    113   3426    219    130     11     24     10      1      0      0      2
      0      1      0      3      2    326    322    323     56     19      9      0      0      0      0
      0      0      0      6      0     61     89    264     93     83    181     17     71     22      1
      0      0      0      9      0     36     22    236    166    498    193     13      0      0      0
      0      0      0      0      0     36     17    430    450   2579    978     23      0      0     11
      0      0      1     22      0     23     15     45     62    860   6181    584    132      0      4
      0      1      0     73     13     33      3      3      4     44    457   1406    161      4      4
      0      3      0     38      1     23      0      6      0     19    140    364   1311    158     57
      0      1      0      7      1      1      0      0      0      1      2      9    190    593    387
      0      9      0      3     33      7      0      0      0      0     14      6    127    774   1484
Class Accuracy
C0: 0.6725
C1: 0.9297
C2: 0.7730
C3: 0.9385
C4: 0.4128
C5: 0.8480
C6: 0.3035
C7: 0.2973
C8: 0.1415
C9: 0.5701
C10: 0.7795
C11: 0.6374
C12: 0.6184
C13: 0.4975
C14: 0.6040
epoch: 27
loss: 0.0958	 train_acc: 0.9640	 test_acc: 0.7208
Confusion_Matrix
    958    192    157      3      0      0      0      0      0      0      0      0      0      0      0
    363   5310    187      0      0      0      0      0      0      0      0      0      0      0      0
     44     90    761     24      1      1      0      0      0      0      2      1      0      0      1
      0     13      8   3822    145     90      6      4      1      0      6      1      2      0      1
      0      0      0     75    344    126     56      3      0      1      1      1      0      0      1
      0      0      0     93    118   3439    206    108     44     17     11      3      1      0      0
      0      0      0      1      0    282    382    279     77     32      8      0      0      0      0
      0      0      0      1      0     59    115    222    134     76    173      8     81     19      0
      0      0      0      0      0     38     24    187    250    441    212     21      0      0      0
      0      0      0      2      0     32     38    302    568   2599    967     16      0      0      0
      0      0      1      5      2     14     23     27    127    898   6184    457    183      2      6
      1      0      0     52      7     35      7      3      5     39    502   1261    285      6      3
      0      0      0     19      4     22      2      4      5     12    107    251   1449    192     53
      0      0      0      5      2      0      0      1      0      0      3      5    214    612    350
      0      1      0      3      7     22      0      0      1      0     19      6    128    748   1522
Class Accuracy
C0: 0.7313
C1: 0.9061
C2: 0.8227
C3: 0.9324
C4: 0.5658
C5: 0.8512
C6: 0.3600
C7: 0.2500
C8: 0.2131
C9: 0.5745
C10: 0.7799
C11: 0.5716
C12: 0.6835
C13: 0.5134
C14: 0.6195
epoch: 28
loss: 0.0908	 train_acc: 0.9656	 test_acc: 0.7097
Confusion_Matrix
   1009    162    139      0      0      0      0      0      0      0      0      0      0      0      0
    548   5031    281      0      0      0      0      0      0      0      0      0      0      0      0
     77     66    760     18      1      2      0      0      0      0      0      0      0      0      1
      0     13     10   3879     91     73      9     14      0      1      4      3      1      0      1
      0      0      0     97    261    183     60      6      1      0      0      0      0      0      0
      0      0      0    101    127   3344    303    109     16     17     17      5      0      0      1
      0      0      0      3      0    295    314    349     67     21     12      0      0      0      0
      0      0      0      9      0     56    105    221    124     96    164     11     83     19      0
      0      0      0      1      0     28     25    185    257    459    185     33      0      0      0
      0      0      0      0      0     25     22    401    484   2660    914     18      0      0      0
      1      0      0     10      0     12     17     52     86    964   6087    578    121      0      1
      2      0      0     50      7     30     10      8      7     39    466   1396    187      2      2
      1      2      0     15      1     15      0     13      3     32    145    354   1366    125     48
      0      0      0      8      0      0      0      2      0      2      8      7    252    489    424
      0      3      1      2      7      3      0      1      0      0     23      6    162    655   1594
Class Accuracy
C0: 0.7702
C1: 0.8585
C2: 0.8216
C3: 0.9463
C4: 0.4293
C5: 0.8277
C6: 0.2959
C7: 0.2489
C8: 0.2191
C9: 0.5880
C10: 0.7677
C11: 0.6328
C12: 0.6443
C13: 0.4102
C14: 0.6488
epoch: 29
loss: 0.0862	 train_acc: 0.9673	 test_acc: 0.7245
Confusion_Matrix
   1020    161    125      4      0      0      0      0      0      0      0      0      0      0      0
    428   5167    260      2      0      0      0      0      0      0      0      3      0      0      0
     84     82    736     21      0      0      0      0      0      0      1      0      0      0      1
      0     16     15   3893    106     39      5     15      0      2      5      0      1      0      2
      0      0      0    101    326    121     55      2      0      1      1      0      0      0      1
      0      0      0    129    139   3377    195    118     31     26     18      3      0      0      4
      0      0      0      3      0    415    211    309     82     25     16      0      0      0      0
      0      0      0      2      0     84     80    231     84    129    162      6     88     22      0
      0      0      0      1      0     49      9    140    191    564    191     28      0      0      0
      0      0      0      2      0     46      5    236    290   2838   1081     17      0      0      9
      5      0      2     14      1     19     11     23     42    793   6363    461    190      1      4
      6      0      3     52     10     37      5      4      4     31    481   1275    290      4      4
      3      2      0     31      1     16      1      0      2     11    107    237   1504    147     58
      0      1      3      3      1      0      0      1      0      0      1      2    223    510    447
      0      2      1      3      7      1      0      4      0      1     20      1    137    657   1623
Class Accuracy
C0: 0.7786
C1: 0.8817
C2: 0.7957
C3: 0.9497
C4: 0.5362
C5: 0.8359
C6: 0.1989
C7: 0.2601
C8: 0.1628
C9: 0.6273
C10: 0.8025
C11: 0.5780
C12: 0.7094
C13: 0.4279
C14: 0.6606
epoch: 30
loss: 0.0830	 train_acc: 0.9686	 test_acc: 0.7186
Confusion_Matrix
   1030    153    126      1      0      0      0      0      0      0      0      0      0      0      0
    465   5176    215      0      0      0      0      0      0      0      0      4      0      0      0
     98     80    711     32      1      1      0      0      0      0      1      0      0      0      1
      0     13      5   3880    116     50     12     11      0      0      9      0      1      0      2
      0      0      0     81    330    134     59      2      0      0      0      1      0      0      1
      0      0      0    105    124   3346    305    112     14     21     10      1      0      0      2
      0      0      0      3      0    339    294    333     72      6     14      0      0      0      0
      0      0      0      3      0     73    130    217    111     55    186      9     83     21      0
      0      0      0      1      0     36     29    165    284    428    204     25      0      0      1
      0      0      0      1      0     34     17    240    604   2376   1230     18      1      0      3
      1      0      1      7      3     16     25     27     72    724   6413    478    159      0      3
      3      0      0     39      8     26      3      2      6     17    531   1309    255      5      2
      5      1      0     14      8     11      5      1      1      4    149    272   1477    105     67
      0      0      0      5      2      1      0      1      0      0      3      4    254    441    481
      0      5      1      3      8      3      0      1      0      1     23      4    159    508   1741
Class Accuracy
C0: 0.7863
C1: 0.8833
C2: 0.7686
C3: 0.9466
C4: 0.5428
C5: 0.8282
C6: 0.2771
C7: 0.2444
C8: 0.2421
C9: 0.5252
C10: 0.8088
C11: 0.5934
C12: 0.6967
C13: 0.3700
C14: 0.7086
