epoch: 1
loss: 1.1041	 train_acc: 0.6127	 test_acc: 0.6957
Confusion_Matrix
    813    445     51      1      0      0      0      0      0      0      0      0      0      0      0
    570   5248     38      4      0      0      0      0      0      0      0      0      0      0      0
    568    153    179     25      0      0      0      0      0      0      0      0      0      0      0
      0     33     11   3994      0     53      0      0      0      1      0      7      0      0      0
      0      1      0    332      0    274      0      0      0      0      1      0      0      0      0
      0      1      0    371      0   3601      0      1      0     53     10      3      0      0      0
      0      0      0     22      0    880      0      0      0    159      0      0      0      0      0
      0      0      0     32      0    387      0      0      0    281    100     24     48      7      9
      0      0      0      2      0    188      0      0      0    780    163     40      0      0      0
      0      0      0      9      0    130      0      0      0   3452    886     47      0      0      0
      0      0      0     41      0     80      0      0      0   1198   5959    649      2      0      0
      0      8      0     43      0     40      0      0      0      5    445   1602     62      0      1
      0     10      0     22      0     54      0      0      0      4    349    486   1137      7     51
      0      1      0      6      0      9      0      0      0      0     22     41    355    120    638
      0     14      0     16      0      3      0      0      0      0     27     85    289     27   1996
Class Accuracy
C0: 0.6206
C1: 0.8956
C2: 0.1935
C3: 0.9744
C4: 0.0000
C5: 0.8913
C6: 0.0000
C7: 0.0000
C8: 0.0000
C9: 0.7630
C10: 0.7515
C11: 0.7262
C12: 0.5363
C13: 0.1007
C14: 0.8124
epoch: 2
loss: 0.8157	 train_acc: 0.6992	 test_acc: 0.7113
Confusion_Matrix
    908    357     45      0      0      0      0      0      0      0      0      0      0      0      0
    442   5342     73      3      0      0      0      0      0      0      0      0      0      0      0
    446    148    300     30      0      1      0      0      0      0      0      0      0      0      0
      3     41      7   3865     45    127      0      0      0      1      5      5      0      0      0
      1      0      0    135     43    420      5      1      0      3      0      0      0      0      0
      1      0      0     64     22   3443    160    166     45    130      7      2      0      0      0
      0      0      0      1      0    441    197    144     71    199      8      0      0      0      0
      0      0      0      0      0     89     77    153     69    310    120      6     46     18      0
      0      0      0      1      0     15     18     26     76    865    165      7      0      0      0
      0      0      0     10      0      6      5     51     45   3756    638     13      0      0      0
      0      0      0      2      0     24      0     22     57   1391   6179    241     11      0      2
      0      1      1     46      0     23      0      2      1     27    904   1073    127      0      1
      0      3      0      1      0      5      0      1      0     15    488    227   1303     47     30
      0      1      2      0      0      2      0      1      0      1     36     15    335    388    411
      0      4     17      5      0      2      0      1      0     11     71     31    298    313   1704
Class Accuracy
C0: 0.6931
C1: 0.9116
C2: 0.3243
C3: 0.9429
C4: 0.0707
C5: 0.8522
C6: 0.1857
C7: 0.1723
C8: 0.0648
C9: 0.8302
C10: 0.7793
C11: 0.4864
C12: 0.6146
C13: 0.3255
C14: 0.6935
epoch: 3
loss: 0.7277	 train_acc: 0.7266	 test_acc: 0.7022
Confusion_Matrix
    548    701     61      0      0      0      0      0      0      0      0      0      0      0      0
    151   5675     34      0      0      0      0      0      0      0      0      0      0      0      0
    151    286    454     34      0      0      0      0      0      0      0      0      0      0      0
      0     53      3   3936     52     46      0      0      0      0      1      8      0      0      0
      0      0      0    231    146    226      4      0      0      0      1      0      0      0      0
      0      0      0    119    113   3496    212     49      7     14     20     10      0      0      0
      0      0      0      2      6    570    367     54      9     33     19      1      0      0      0
      0      0      0      2      1    165    240     70     49    126    128     33     53     21      0
      0      0      0      0      0     65    162    126    172    443    181     24      0      0      0
      0      0      0      2      0     20    213    100    523   2609    997     60      0      0      0
      0      0      0      1      0     33     54     44    133    744   6110    802      6      1      1
      0      4      1     33      0     34      0      0      0      6    296   1655    174      3      0
      0      2      0      9      0      5      0      0      0      5    168    373   1375    176      7
      0      0      0      5      0      1      0      0      0      0     13     16    207    841    109
      0      2      0      8      0      0      0      0      0      5      6     70    176   1280    910
Class Accuracy
C0: 0.4183
C1: 0.9684
C2: 0.4908
C3: 0.9602
C4: 0.2401
C5: 0.8653
C6: 0.3459
C7: 0.0788
C8: 0.1466
C9: 0.5767
C10: 0.7706
C11: 0.7502
C12: 0.6486
C13: 0.7055
C14: 0.3704
epoch: 4
loss: 0.6645	 train_acc: 0.7495	 test_acc: 0.6708
Confusion_Matrix
    996    162    151      1      0      0      0      0      0      0      0      0      0      0      0
    616   4970    252     11      0      0      0      0      0      0      0     11      0      0      0
    146     66    671     35      0      1      0      0      0      0      0      6      0      0      0
      0      7      7   3807     89    146      1      5      1      0      0     36      0      0      0
      0      0      0     92    112    391      4      6      1      0      1      1      0      0      0
      0      0      0     43     37   3412    231    173     75     19     19     30      1      0      0
      0      0      0      0      1    420    295    209    103     25      7      1      0      0      0
      0      0      0      0      0     96    115    175    226     68    102     40     42     24      0
      0      0      0      0      0     33     40    124    582    177    180     37      0      0      0
      0      0      0      0      0     18     30     99   2030   1385    904     58      0      0      0
      0      0      0      0      0     28      3     26    612    374   5961    921      4      0      0
      0      0      0      0      0      6      0      0      1      0    265   1845     86      3      0
      0      0      0      0      0      4      0      0      0      1    130    567   1152    261      5
      0      0      0      0      0      1      0      1      0      0      8     34    133    917     98
      0      0      0      0      0      0      0      0      0      0     16     87    124   1417    813
Class Accuracy
C0: 0.7603
C1: 0.8481
C2: 0.7254
C3: 0.9288
C4: 0.1842
C5: 0.8446
C6: 0.2780
C7: 0.1971
C8: 0.4962
C9: 0.3061
C10: 0.7518
C11: 0.8364
C12: 0.5434
C13: 0.7693
C14: 0.3309
epoch: 5
loss: 0.6144	 train_acc: 0.7685	 test_acc: 0.6856
Confusion_Matrix
    756    365    188      1      0      0      0      0      0      0      0      0      0      0      0
    262   5321    219     56      0      0      0      0      0      0      0      2      0      0      0
     77    125    661     59      0      0      0      0      0      0      0      3      0      0      0
      0      6      2   3968     25     33      0      0      0      0      0     65      0      0      0
      0      0      0    243    127    225      4      0      0      0      1      8      0      0      0
      0      0      0    152     98   3328    189     92      0     29     13    132      7      0      0
      0      0      0      4      8    505    351     71      2     71     16     33      0      0      0
      0      0      0      3      0    216    135    143     14    161     75     81     48     12      0
      0      0      0      0      1     61     78    233     13    587    104     96      0      0      0
      0      0      0      1      1     29     44    324    169   3105    713    134      4      0      0
      0      0      0      1      0     34      8     57     29   1038   5456   1238     66      0      2
      0      1      0      4      0      0      0      0      0      0    119   1903    179      0      0
      0      0      0      0      0      0      0      0      0      1     62    558   1408     85      6
      0      0      0      0      0      0      0      0      0      0      8     39    289    848      8
      0      0      0      0      0      0      0      0      0      0      3     55    254   1841    304
Class Accuracy
C0: 0.5771
C1: 0.9080
C2: 0.7146
C3: 0.9680
C4: 0.2089
C5: 0.8238
C6: 0.3308
C7: 0.1610
C8: 0.0111
C9: 0.6863
C10: 0.6881
C11: 0.8626
C12: 0.6642
C13: 0.7114
C14: 0.1237
epoch: 6
loss: 0.5711	 train_acc: 0.7861	 test_acc: 0.6962
Confusion_Matrix
    976     96    238      0      0      0      0      0      0      0      0      0      0      0      0
    794   4684    360     22      0      0      0      0      0      0      0      0      0      0      0
    115     41    734     33      1      0      0      0      0      0      0      1      0      0      0
      0      2     12   3769    156    111      4      1      0      1      1     41      1      0      0
      0      0      0     58    162    371      6      5      0      0      3      2      1      0      0
      0      0      0     80     32   3201    200    240     15    132    109      4     27      0      0
      0      0      0      0      1    309    209    214     88    200     38      0      2      0      0
      0      0      0      0      0     46     42    150    108    188    256     25     55     18      0
      0      0      0      0      0      8     21     60    146    576    352     10      0      0      0
      0      0      0      0      0      1      4     37    207   2686   1537     49      3      0      0
      0      0      0      4      0      1      1      4     43    559   6779    518     18      1      1
      0      0      0     16      2      2      0      0      0      2    475   1530    179      0      0
      0      0      0      1      1      1      0      0      0      1    226    329   1469     70     22
      0      0      0      0      2      0      0      0      0      0     15     11    297    570    297
      0      1      0      4      1      0      0      0      0      0     32     40    242   1082   1055
Class Accuracy
C0: 0.7450
C1: 0.7993
C2: 0.7935
C3: 0.9195
C4: 0.2664
C5: 0.7923
C6: 0.1970
C7: 0.1689
C8: 0.1245
C9: 0.5937
C10: 0.8550
C11: 0.6936
C12: 0.6929
C13: 0.4782
C14: 0.4294
epoch: 7
loss: 0.5338	 train_acc: 0.8005	 test_acc: 0.6938
Confusion_Matrix
   1009    151    150      0      0      0      0      0      0      0      0      0      0      0      0
    495   5162    186     17      0      0      0      0      0      0      0      0      0      0      0
    118     76    701     29      0      0      0      0      0      0      0      1      0      0      0
      2      5     15   3956     58     37      1      9      0      0      0     16      0      0      0
      0      0      1    183    139    277      2      0      0      0      1      5      0      0      0
      0      0      1    166    100   3458     94    100      1     70     22     11     17      0      0
      0      0      0      3      4    580    231    115      6     95     20      7      0      0      0
      0      0      0     22      2    120    133    126     35    134    175     64     61     16      0
      0      0      0     13      2     47     92    151    110    499    213     46      0      0      0
      0      0      0      2      0     58     52    199    354   2630   1154     70      5      0      0
      0      0      0      4      0      8     17     63     74    761   6045    937     19      0      1
      0      0      0     46      0      1      0      0      0      2    211   1784    162      0      0
      0      0      0     12      0      0      0      0      0      5    100    448   1476     78      1
      0      0      0      3      2      1      0      0      0      0      4     25    324    810     23
      0      0      1     11      2      0      0      0      0      0     16     77    329   1636    385
Class Accuracy
C0: 0.7702
C1: 0.8809
C2: 0.7578
C3: 0.9651
C4: 0.2286
C5: 0.8559
C6: 0.2177
C7: 0.1419
C8: 0.0938
C9: 0.5813
C10: 0.7624
C11: 0.8087
C12: 0.6962
C13: 0.6795
C14: 0.1567
epoch: 8
loss: 0.4991	 train_acc: 0.8142	 test_acc: 0.6746
Confusion_Matrix
    757    374    178      1      0      0      0      0      0      0      0      0      0      0      0
    194   5435    184     34      0      0      0      0      0      0      0     13      0      0      0
     36    136    663     65      1      0      0      0      0      0      0     24      0      0      0
      0      6      1   3748    226     47     12      1      1      3      1     41     12      0      0
      0      0      0    118    218    232     17      4      1      6      3      6      3      0      0
      0      0      0     66     79   2592    458    348    189    147     85     36     40      0      0
      0      0      0      0      2    157    176    280    127    233     82      3      1      0      0
      0      0      0      2      2     16     26     79    148    212    264     68     52     19      0
      0      0      0      0      0      0      2     31    162    440    527     11      0      0      0
      0      0      0      0      0      0      0     32    220   2173   2039     53      7      0      0
      0      0      0      0      0      1      4      0     20    344   6820    719     19      0      2
      0      0      0      0      0      0      0      0      0      1    397   1588    214      6      0
      0      0      0      0      0      0      0      0      0     15    157    368   1345    234      1
      0      0      0      0      0      0      0      0      0      4      9     20    163    978     18
      0      0      0      0      0      0      0      0      0     15     58     41    146   1681    516
Class Accuracy
C0: 0.5779
C1: 0.9275
C2: 0.7168
C3: 0.9144
C4: 0.3586
C5: 0.6416
C6: 0.1659
C7: 0.0890
C8: 0.1381
C9: 0.4803
C10: 0.8601
C11: 0.7199
C12: 0.6344
C13: 0.8205
C14: 0.2100
epoch: 9
loss: 0.4688	 train_acc: 0.8268	 test_acc: 0.6976
Confusion_Matrix
    762    323    223      0      0      0      0      0      0      0      0      2      0      0      0
    184   5467    204      5      0      0      0      0      0      0      0      0      0      0      0
     43    102    757     19      1      0      0      0      0      0      0      3      0      0      0
      0     29     43   3731     80    145      2      1      0      0      8     60      0      0      0
      0      0      1    147     75    371      5      0      0      1      2      6      0      0      0
      0      0      1     23     53   3302    339    113      5     75     46     69     14      0      0
      0      0      0      0      4    532    291     98      5     82     47      2      0      0      0
      0      0      0      0      0     94    106    132     36    175    218     63     46     18      0
      0      0      0      6      1     61     83    159     40    598    177     48      0      0      0
      0      0      0      0      0     30     61    180    258   3072    865     58      0      0      0
      0      0      0      0      0     47     20     51     52    975   5670   1109      4      0      1
      0      0      0      3      0      3      0      0      0      0    215   1869    115      1      0
      0      0      0      0      0      0      0      0      0      0    103    578   1328    101     10
      0      0      0      0      0      0      0      0      0      0     10     47    237    737    161
      0      0      1      1      0      0      0      0      0      0     26     51    209   1225    944
Class Accuracy
C0: 0.5817
C1: 0.9329
C2: 0.8184
C3: 0.9102
C4: 0.1234
C5: 0.8173
C6: 0.2743
C7: 0.1486
C8: 0.0341
C9: 0.6790
C10: 0.7151
C11: 0.8472
C12: 0.6264
C13: 0.6183
C14: 0.3842
epoch: 10
loss: 0.4406	 train_acc: 0.8368	 test_acc: 0.6874
Confusion_Matrix
    988    158    164      0      0      0      0      0      0      0      0      0      0      0      0
    465   5139    254      2      0      0      0      0      0      0      0      0      0      0      0
     59     63    784     17      1      0      0      0      0      0      0      1      0      0      0
      0     20     40   3837    133     53      1      1      0      0      0     14      0      0      0
      0      0      1    160    174    268      2      0      1      0      0      2      0      0      0
      0      0      0    123     77   3460    175    135     18      6     22      7     17      0      0
      0      0      0      0      6    558    204    187     20     60     23      2      1      0      0
      0      0      0      7      9    113    110    183     78    123    131     60     71      3      0
      0      0      0      5      1     48     62    276    246    329    187     19      0      0      0
      0      0      0      0      0     46     64    331   1096   1947    990     44      6      0      0
      0      0      0      0      0      4     16    132    241    614   6399    505     17      0      1
      0      0      0     10      0     14      0      0      0     14    473   1518    177      0      0
      0      0      0      3      0      1      0      1      0      1    144    356   1521     92      1
      0      0      0      1      2      2      0      0      0      0      7     33    340    709     98
      0      0      1      2      1      1      0      0      0      1     16     50    339   1390    656
Class Accuracy
C0: 0.7542
C1: 0.8770
C2: 0.8476
C3: 0.9361
C4: 0.2862
C5: 0.8564
C6: 0.1923
C7: 0.2061
C8: 0.2097
C9: 0.4304
C10: 0.8070
C11: 0.6881
C12: 0.7175
C13: 0.5948
C14: 0.2670
epoch: 11
loss: 0.4175	 train_acc: 0.8450	 test_acc: 0.7099
Confusion_Matrix
    751    334    225      0      0      0      0      0      0      0      0      0      0      0      0
    177   5423    213     47      0      0      0      0      0      0      0      0      0      0      0
     33     98    751     42      1      0      0      0      0      0      0      0      0      0      0
      0      6      8   3799    103    164      0      8      0      0      4      7      0      0      0
      0      0      1     89    105    404      4      0      1      1      2      1      0      0      0
      0      0      0     77     37   3348    131    295     60     56     35      1      0      0      0
      0      0      0      0      3    419    195    243     59    103     38      1      0      0      0
      0      0      0      1      0     78     44    223    112    158    168     35     53     16      0
      0      0      0     22      0     24     11    163    216    483    247      7      0      0      0
      0      0      0      2      0     13     13    116    614   2362   1355     49      0      0      0
      0      0      0      3      0      8      2     20    127    478   6682    601      8      0      0
      0      0      0     34      0     12      0      0      0      4    442   1595    114      5      0
      0      0      0      0      0      3      0      0      0      9    135    477   1387    106      3
      0      0      0      0      0      2      0      0      0      2     16     19    262    708    183
      0      0      0     14      0      3      0      0      0      8     12     49    206   1035   1130
Class Accuracy
C0: 0.5733
C1: 0.9254
C2: 0.8119
C3: 0.9268
C4: 0.1727
C5: 0.8287
C6: 0.1838
C7: 0.2511
C8: 0.1841
C9: 0.5221
C10: 0.8427
C11: 0.7230
C12: 0.6542
C13: 0.5940
C14: 0.4599
epoch: 12
loss: 0.3936	 train_acc: 0.8544	 test_acc: 0.7075
Confusion_Matrix
    863    280    167      0      0      0      0      0      0      0      0      0      0      0      0
    263   5416    175      6      0      0      0      0      0      0      0      0      0      0      0
     67    116    714     26      1      0      0      0      0      0      0      1      0      0      0
      0     22     18   3926     64     53      3      2      0      0      0     11      0      0      0
      0      0      0    167    155    250     28      1      0      2      1      3      1      0      0
      0      0      0    113     74   3233    269    230     15     61     18     17     10      0      0
      0      0      0      0      4    348    181    370     14    115     27      2      0      0      0
      0      0      0     13      1     62     77    274     52    139    155     40     55     20      0
      0      0      0      5      1     14     25    291    127    567    122     21      0      0      0
      0      0      0      0      0     12     25    388    436   2775    834     49      5      0      0
      0      0      0      0      0      8      4     65     87   1069   6123    563      9      0      1
      0      0      0     13      0      3      0      0      2     10    478   1557    136      7      0
      0      0      0      4      1      1      0      0      0      7    156    396   1314    215     26
      0      0      0      1      1      0      0      0      0      0      8     21    188    697    276
      0      0      0      6      0      0      0      0      0      1     36     29    124   1040   1221
Class Accuracy
C0: 0.6588
C1: 0.9242
C2: 0.7719
C3: 0.9578
C4: 0.2549
C5: 0.8002
C6: 0.1706
C7: 0.3086
C8: 0.1083
C9: 0.6134
C10: 0.7722
C11: 0.7058
C12: 0.6198
C13: 0.5847
C14: 0.4969
epoch: 13
loss: 0.3712	 train_acc: 0.8621	 test_acc: 0.6903
Confusion_Matrix
    785    264    261      0      0      0      0      0      0      0      0      0      0      0      0
    209   5320    331      0      0      0      0      0      0      0      0      0      0      0      0
     26     47    816     35      0      1      0      0      0      0      0      0      0      0      0
      0      8     20   3906     96     59      2      4      0      0      0      4      0      0      0
      0      0      0    132    153    312      8      0      0      0      1      0      2      0      0
      0      0      1     96     70   3349    228    217      5     25      8      3     38      0      0
      0      0      0      1      5    391    258    287      5     96     14      2      2      0      0
      0      0      0     38      6     92     65    245     31    171    117     44     60     19      0
      0      0      0     11      0     28     57    368     96    486    104     23      0      0      0
      0      0      0      2      0      5    128    558    285   2961    512     64      9      0      0
      0      0      1      4      1      9      9    150     90   1513   5161    904     86      0      1
      0      0     10      6      5      2      0      0      0     14    230   1644    291      4      0
      0      0      0      6      1      1      0      0      0      6     55    301   1566    165     19
      0      0      0      0      2      0      0      0      0      0      5     12    219    786    168
      0      1      9      6      2      0      0      0      0      3     35     16    185   1363    837
Class Accuracy
C0: 0.5992
C1: 0.9078
C2: 0.8822
C3: 0.9529
C4: 0.2516
C5: 0.8290
C6: 0.2432
C7: 0.2759
C8: 0.0818
C9: 0.6545
C10: 0.6509
C11: 0.7452
C12: 0.7387
C13: 0.6594
C14: 0.3407
epoch: 14
loss: 0.3520	 train_acc: 0.8693	 test_acc: 0.7006
Confusion_Matrix
    649    318    343      0      0      0      0      0      0      0      0      0      0      0      0
    183   5244    376     57      0      0      0      0      0      0      0      0      0      0      0
     17     51    828     27      1      0      0      0      0      0      0      1      0      0      0
      0      5     35   3911    104     38      1      1      0      0      0      4      0      0      0
      0      0      0    163    226    205     10      1      1      0      0      0      2      0      0
      0      0      0    230    163   3041    340    198     11     37     10      3      7      0      0
      0      0      0     30     12    335    339    241      5     96      2      0      1      0      0
      0      0      0     56      1     43    140    227     43    147    115     38     58     20      0
      0      0      0     20      0     26     61    272    163    431    185     15      0      0      0
      0      0      0      8      2     35     45    378    245   2924    836     46      5      0      0
      0      0      0      8      1     35     16     74     47    887   6183    637     39      0      2
      0      0     12     60      2     12      0      2      0      6    350   1555    199      8      0
      0      0     11     11      1      2      0      1      0      0     99    301   1475    215      4
      0      0      1      1      0      0      0      0      0      0      6      8    184    938     54
      0      0     11      2      0      0      0      0      0      0     28     12    171   1638    595
Class Accuracy
C0: 0.4954
C1: 0.8949
C2: 0.8951
C3: 0.9541
C4: 0.3717
C5: 0.7527
C6: 0.3195
C7: 0.2556
C8: 0.1390
C9: 0.6463
C10: 0.7798
C11: 0.7049
C12: 0.6958
C13: 0.7869
C14: 0.2422
epoch: 15
loss: 0.3349	 train_acc: 0.8751	 test_acc: 0.7112
Confusion_Matrix
    974    192    143      1      0      0      0      0      0      0      0      0      0      0      0
    363   5252    236      9      0      0      0      0      0      0      0      0      0      0      0
     91     69    742     21      1      0      0      0      0      0      0      1      0      0      0
      0     12     26   3900    101     41      2      0      0      1      1     15      0      0      0
      0      0      0    172    217    205      7      0      0      2      2      2      1      0      0
      0      0      0    114    132   3070    359    201     19    111     17     16      1      0      0
      0      0      0      2      9    300    178    415     10    130     11      6      0      0      0
      0      0      0     18      2     47     60    219     43    225    163     43     49     16      3
      0      0      0      3      1      1     14    145     90    757    132     30      0      0      0
      0      0      0      0      0      2     22     50    123   3619    647     61      0      0      0
      0      0      0      0      0      2      7     26     30   1200   5731    928      4      0      1
      0      0      2     11      1      0      0      0      0      4    257   1828     96      7      0
      0      0      0      5      0      2      0      0      0      8    113    600   1222    136     34
      0      0      0      1      1      1      0      0      0      0     11     40    168    653    317
      0      0      3      0      0      0      0      0      0      1     10     37    151   1225   1030
Class Accuracy
C0: 0.7435
C1: 0.8962
C2: 0.8022
C3: 0.9515
C4: 0.3569
C5: 0.7599
C6: 0.1678
C7: 0.2466
C8: 0.0767
C9: 0.8000
C10: 0.7228
C11: 0.8286
C12: 0.5764
C13: 0.5478
C14: 0.4192
epoch: 16
loss: 0.3148	 train_acc: 0.8831	 test_acc: 0.7114
Confusion_Matrix
    872    328    109      1      0      0      0      0      0      0      0      0      0      0      0
    241   5479    129     11      0      0      0      0      0      0      0      0      0      0      0
    119    119    648     37      0      0      0      0      0      0      0      2      0      0      0
      0     27     16   3907     75     59      2      0      0      1      1     11      0      0      0
      0      0      0    174    192    231      4      0      1      2      1      3      0      0      0
      0      0      0     98     75   3297    215    200     27     75     30     19      4      0      0
      0      0      0      1      5    391    242    244     40    114     19      5      0      0      0
      0      0      0     11      0     67     63    210     74    167    138     89     59     10      0
      0      0      0      3      0     12     27    189    168    582    166     26      0      0      0
      0      0      0      0      0      6     27    200    355   3075    797     58      6      0      0
      0      0      0      1      0      6     12     28     66   1027   5968    819      1      0      1
      0      0      0      5      0      2      0      1      0      6    324   1792     70      4      2
      0      0      0      7      0      4      0      0      0      3    111    711   1105    155     24
      0      0      0      0      3      0      0      0      0      0     10     40    185    785    169
      0      0      0      6      2      1      0      0      0      0     27     58    153   1216    994
Class Accuracy
C0: 0.6656
C1: 0.9350
C2: 0.7005
C3: 0.9532
C4: 0.3158
C5: 0.8161
C6: 0.2281
C7: 0.2365
C8: 0.1432
C9: 0.6797
C10: 0.7527
C11: 0.8123
C12: 0.5212
C13: 0.6586
C14: 0.4046
epoch: 17
loss: 0.2987	 train_acc: 0.8887	 test_acc: 0.7218
Confusion_Matrix
    869    274    163      4      0      0      0      0      0      0      0      0      0      0      0
    254   5322    247     37      0      0      0      0      0      0      0      0      0      0      0
     80     93    709     39      0      0      0      0      0      0      0      4      0      0      0
      0     14     11   3799    121    107      5      4      0      0      7     22      9      0      0
      0      0      0    104    129    357      8      1      1      2      1      3      2      0      0
      0      0      0     53     64   3214    273    219     60    102     17      6     32      0      0
      0      0      0      1      1    296    225    336     29    154     18      1      0      0      0
      0      0      0      1      0     60     60    261     71    174    149     34     58     20      0
      0      0      0      3      0     10     14    169    195    567    207      8      0      0      0
      0      0      0      0      0      2     20    100    306   3161    887     44      4      0      0
      0      0      0      1      0      1      8     43     54    911   6332    550     28      0      1
      0      0      0      6      0      1      0      1      1     15    452   1451    274      5      0
      0      0      0      0      0      0      0      1      0     14    101    256   1587    140     21
      0      0      0      0      0      0      1      0      0      2      5      9    218    711    246
      0      0      4      6      0      0      0      0      0      2     58     25    178    993   1191
Class Accuracy
C0: 0.6634
C1: 0.9082
C2: 0.7665
C3: 0.9268
C4: 0.2122
C5: 0.7955
C6: 0.2121
C7: 0.2939
C8: 0.1662
C9: 0.6987
C10: 0.7986
C11: 0.6578
C12: 0.7486
C13: 0.5965
C14: 0.4847
epoch: 18
loss: 0.2846	 train_acc: 0.8943	 test_acc: 0.6785
Confusion_Matrix
    718    369    220      3      0      0      0      0      0      0      0      0      0      0      0
    175   5465    178     42      0      0      0      0      0      0      0      0      0      0      0
     34    113    716     58      0      0      0      0      0      0      0      4      0      0      0
      0      7      3   3706    256     78     12      8      0      0      6     21      2      0      0
      0      0      0     60    199    288     54      1      0      0      6      0      0      0      0
      0      0      0     37     76   2585    917    280     36     67     32      1      9      0      0
      0      0      0      0      4    191    394    326     14    104     27      0      1      0      0
      0      0      0      1      3     25    131    287     52    104    173     37     67      7      1
      0      0      0      8      1      3     42    340    228    379    161     11      0      0      0
      0      0      0      3      0      3     35    493    557   2371   1018     41      3      0      0
      0      0      0      1      0     12     15     94    198    693   6232    672     11      0      1
      0      0      0     12      4      3      1      1      1     10    491   1532    147      4      0
      0      0      0      2      0      7      1      1      0      2    156    357   1457    130      7
      0      0      0      1      1      1      0      0      0      0     14     17    232    770    156
      0      0      2     14      3      1      0      0      0      2     28     30    214   1419    744
Class Accuracy
C0: 0.5481
C1: 0.9326
C2: 0.7741
C3: 0.9041
C4: 0.3273
C5: 0.6399
C6: 0.3713
C7: 0.3232
C8: 0.1944
C9: 0.5241
C10: 0.7860
C11: 0.6945
C12: 0.6873
C13: 0.6460
C14: 0.3028
epoch: 19
loss: 0.2660	 train_acc: 0.9012	 test_acc: 0.7034
Confusion_Matrix
    936    210    164      0      0      0      0      0      0      0      0      0      0      0      0
    394   5210    240     16      0      0      0      0      0      0      0      0      0      0      0
     49     80    765     30      0      0      0      0      0      0      0      1      0      0      0
      0      7     11   3820    141     71     10     22      0      0      0     15      2      0      0
      0      0      0    135    167    283     15      5      1      0      1      0      1      0      0
      0      0      0     68     66   2852    586    329     44     63     12      0     20      0      0
      0      0      0      0      4    233    298    363     32    112     16      1      2      0      0
      0      0      0      2      0     30     69    280    100    153    143     34     58     19      0
      0      0      0     10      4      4     21    266    233    499    115     21      0      0      0
      0      0      0      4      0      2     21    245    284   3147    772     46      3      0      0
      0      0      0      2      1     13      8     64     99   1042   5974    657     68      0      1
      0      0      4     26      8      5      3      5      8     35    301   1459    343      9      0
      0      0      0      5      0      4      0      3      1      8     56    207   1607    209     20
      0      0      0      2      0      0      0      0      0      1      3      7    219    782    178
      0      0      4      7      0      1      0      2      0      5     43     14    161   1339    881
Class Accuracy
C0: 0.7145
C1: 0.8891
C2: 0.8270
C3: 0.9319
C4: 0.2747
C5: 0.7059
C6: 0.2809
C7: 0.3153
C8: 0.1986
C9: 0.6956
C10: 0.7534
C11: 0.6614
C12: 0.7580
C13: 0.6560
C14: 0.3586
epoch: 20
loss: 0.2537	 train_acc: 0.9050	 test_acc: 0.7024
Confusion_Matrix
    993    195    120      2      0      0      0      0      0      0      0      0      0      0      0
    464   5198    184     14      0      0      0      0      0      0      0      0      0      0      0
    125     80    687     32      0      0      0      0      0      0      0      1      0      0      0
      0     21      7   3861    118     62      5     14      1      0      0      6      4      0      0
      0      0      0    134    126    326     13      4      1      1      1      0      2      0      0
      0      0      0     64     86   2924    567    307     45     37      8      0      2      0      0
      0      0      0      1      6    219    281    418     22     94     17      2      1      0      0
      0      0      0      1      1     29     89    301    101    121    139     27     63     16      0
      0      0      0     10      3     10     22    256    291    412    150     19      0      0      0
      0      0      0      0      0      1     30    330    639   2560    909     53      2      0      0
      0      0      0      0      5     13     22     59     90    743   6281    656     59      0      1
      0      0      1     14      3      1      1      1      2     14    351   1493    316      8      1
      0      0      0      4      0      3      0      2      0      2     85    223   1610    182      9
      0      0      0      2      0      0      0      0      0      0      3      6    235    789    157
      0      0      0      7      0      0      0      1      0      0     26     27    165   1255    976
Class Accuracy
C0: 0.7580
C1: 0.8870
C2: 0.7427
C3: 0.9419
C4: 0.2072
C5: 0.7238
C6: 0.2648
C7: 0.3390
C8: 0.2481
C9: 0.5659
C10: 0.7922
C11: 0.6768
C12: 0.7594
C13: 0.6619
C14: 0.3972
epoch: 21
loss: 0.2398	 train_acc: 0.9095	 test_acc: 0.7041
Confusion_Matrix
    782    381    145      2      0      0      0      0      0      0      0      0      0      0      0
    190   5494    160     16      0      0      0      0      0      0      0      0      0      0      0
     46    120    703     54      0      0      0      0      0      0      0      1      1      0      0
      0      8      3   3854    111     86      5      9      0      0      2      9     12      0      0
      0      0      0    111    156    323      9      5      1      1      1      0      1      0      0
      0      0      0     65     89   3148    440    173     48     54     11      5      7      0      0
      0      0      0      1      4    341    368    235     20     77     14      0      1      0      0
      0      0      0     13      1     37    110    251     92    144    132     33     56     19      0
      0      0      0      8      0     20     67    175    302    428    154     19      0      0      0
      0      0      0      0      0      9     37    278    642   2787    721     49      1      0      0
      0      0      0      2      1     15     21     29    127   1168   5934    606     25      0      1
      0      0      0     24      0      3      0      0      3     22    376   1515    255      8      0
      0      0      0     13      0      6      1      1      2     13    110    282   1445    229     18
      0      0      0      2      2      0      0      0      0      1      9     11    176    807    184
      0      0      5      5      2      2      0      0      0      2     27     12    127   1380    895
Class Accuracy
C0: 0.5969
C1: 0.9375
C2: 0.7600
C3: 0.9402
C4: 0.2566
C5: 0.7792
C6: 0.3468
C7: 0.2827
C8: 0.2575
C9: 0.6160
C10: 0.7484
C11: 0.6868
C12: 0.6816
C13: 0.6770
C14: 0.3643
epoch: 22
loss: 0.2265	 train_acc: 0.9149	 test_acc: 0.7159
Confusion_Matrix
    875    303    129      3      0      0      0      0      0      0      0      0      0      0      0
    297   5346    203     14      0      0      0      0      0      0      0      0      0      0      0
     67     84    731     41      1      0      0      0      0      0      0      1      0      0      0
      0      7     15   3873    114     63      3      2      0      0      0     11     11      0      0
      0      0      0    119    205    268      9      3      1      0      1      0      2      0      0
      0      0      0     72    126   3120    447    131      8     76     13      6     41      0      0
      0      0      0      1     15    308    348    238     20    105     20      2      4      0      0
      0      0      0      8      3     58     95    225     47    159    180     35     58     20      0
      0      0      0      9      2     24     54    214    130    494    228     18      0      0      0
      0      0      0      4      0     16     35    237    267   2894   1021     44      6      0      0
      0      0      0      1      0     10     14     34     56    788   6356    611     58      0      1
      0      0     13     15      6      3      0      0      1     10    453   1369    326      7      3
      0      0      0      7      0      5      0      0      0      1     97    194   1521    246     49
      0      0      0      3      0      0      0      0      0      0      3      5    178    637    366
      0      0      1      9      3      1      0      0      0      1     25     25    122    982   1288
Class Accuracy
C0: 0.6679
C1: 0.9123
C2: 0.7903
C3: 0.9449
C4: 0.3372
C5: 0.7723
C6: 0.3280
C7: 0.2534
C8: 0.1108
C9: 0.6397
C10: 0.8016
C11: 0.6206
C12: 0.7175
C13: 0.5344
C14: 0.5242
epoch: 23
loss: 0.2145	 train_acc: 0.9199	 test_acc: 0.6895
Confusion_Matrix
    838    235    237      0      0      0      0      0      0      0      0      0      0      0      0
    331   5227    293      9      0      0      0      0      0      0      0      0      0      0      0
     36     61    789     36      1      0      0      0      0      0      0      2      0      0      0
      0      8     22   3734    261     43      6     12      0      0      4      9      0      0      0
      0      0      0    121    181    284     17      1      1      0      2      0      1      0      0
      0      0      0     81    114   2701    746    329     28     21     15      0      5      0      0
      0      0      0      7      4    190    335    439     18     42     25      0      1      0      0
      0      0      0     12      2     46     82    303     72     93    172     46     43     17      0
      0      0      0      8      3     11     31    367    228    331    165     29      0      0      0
      0      0      0      6      0      0     36    454    600   2479    890     58      1      0      0
      0      0      2      4      2     14     22     83    111    753   6203    722     12      0      1
      0      0     11     23      8      1      0      3      1      3    411   1577    159      9      0
      0      0      1      6      1      6      1      1      0      3    120    397   1413    140     31
      0      0      0      3      0      0      1      0      0      1     10     20    243    557    357
      0      0      2      6     12      1      2      0      0      1     42     26    163    917   1285
Class Accuracy
C0: 0.6397
C1: 0.8920
C2: 0.8530
C3: 0.9110
C4: 0.2977
C5: 0.6686
C6: 0.3157
C7: 0.3412
C8: 0.1944
C9: 0.5480
C10: 0.7823
C11: 0.7149
C12: 0.6665
C13: 0.4673
C14: 0.5230
epoch: 24
loss: 0.2022	 train_acc: 0.9236	 test_acc: 0.6893
Confusion_Matrix
    988    175    147      0      0      0      0      0      0      0      0      0      0      0      0
    474   5030    333     23      0      0      0      0      0      0      0      0      0      0      0
     65     56    768     35      0      0      0      0      0      0      0      1      0      0      0
      0      5     19   3928     99     27      6      6      0      0      5      3      1      0      0
      0      0      0    152    225    215      9      2      1      1      3      0      0      0      0
      0      0      0    131    211   2964    431    201     33     45     21      0      3      0      0
      0      0      0      3     22    331    249    320     30     81     24      0      1      0      0
      0      0      0     18      2     49    112    229     85    114    182     24     53     20      0
      0      0      0     39      5     30     21    307    265    338    165      3      0      0      0
      0      0      0      5      0     26     40    373    764   2317    950     48      1      0      0
      0      0      0      9      2     19     15     51    173    649   6474    517     18      1      1
      0      0      3     39      1      0      0      0      0      4    612   1344    193      8      2
      0      0      0      8      2      5      0      1      0      4    168    312   1369    215     36
      0      0      0      4      4      0      0      0      0      0     15     10    182    729    248
      0      0      6     20      7      0      0      1      0      8     40      7    113   1290    965
Class Accuracy
C0: 0.7542
C1: 0.8584
C2: 0.8303
C3: 0.9583
C4: 0.3701
C5: 0.7337
C6: 0.2347
C7: 0.2579
C8: 0.2259
C9: 0.5122
C10: 0.8165
C11: 0.6092
C12: 0.6458
C13: 0.6116
C14: 0.3928
epoch: 25
loss: 0.1911	 train_acc: 0.9286	 test_acc: 0.6952
Confusion_Matrix
    906    266    136      2      0      0      0      0      0      0      0      0      0      0      0
    322   5316    190     32      0      0      0      0      0      0      0      0      0      0      0
     81     80    725     38      1      0      0      0      0      0      0      0      0      0      0
      0      9     17   3843    135     71      8     12      0      0      2      2      0      0      0
      0      0      0    135    166    278     22      5      0      0      2      0      0      0      0
      0      0      0     71     96   2838    592    356     38     38      8      1      2      0      0
      0      0      0      0      6    208    297    456     25     57     12      0      0      0      0
      0      0      0      8      3     36     73    313     83    109    162     31     50     16      4
      0      0      0     23      1      8     20    356    231    422    110      2      0      0      0
      0      0      0      2      0      4     24    367    592   2801    691     42      1      0      0
      0      0      0      2      0     10      7     60    132   1061   6138    494     24      0      1
      0      0      0     36      1      3      0      0      3     15    564   1376    201      7      0
      0      0      0      9      2     14      0      1      0      4    144    262   1495    170     19
      0      0      0      4      0      3      0      0      0      0     11      6    217    716    235
      0      0      3     20     15      5      0      0      0      4     35     17    141   1299    918
Class Accuracy
C0: 0.6916
C1: 0.9072
C2: 0.7838
C3: 0.9375
C4: 0.2730
C5: 0.7025
C6: 0.2799
C7: 0.3525
C8: 0.1969
C9: 0.6191
C10: 0.7741
C11: 0.6238
C12: 0.7052
C13: 0.6007
C14: 0.3736
epoch: 26
loss: 0.1834	 train_acc: 0.9314	 test_acc: 0.7028
Confusion_Matrix
   1015    196     97      2      0      0      0      0      0      0      0      0      0      0      0
    434   5150    249     27      0      0      0      0      0      0      0      0      0      0      0
    110     71    697     44      1      0      0      0      0      0      0      2      0      0      0
      0      5     33   3731    269     34     10      6      0      0      1     10      0      0      0
      0      0      0     94    278    219      9      5      1      0      0      0      2      0      0
      0      0      0     48    282   2762    603    215     52     64      7      0      7      0      0
      0      0      0      0     19    242    333    317     27    102     21      0      0      0      0
      0      0      0      0      4     44    107    268     82    130    157     27     49     20      0
      0      0      0     12      6     46     25    226    257    438    154      9      0      0      0
      0      0      0      1      1      6     36    273    520   2930    719     37      1      0      0
      0      0      0      0      1      8     11     63    121    979   6271    457     17      0      1
      0      0      0     26      5      2      1      1      2     14    644   1356    145      8      2
      0      0      0      1      1      5      3      2      0      7    162    317   1422    158     42
      0      0      0      2      2      1      1      1      0      0     14      8    202    572    389
      0      0      1     11     27      3      0      1      1      5     44     11    142    866   1345
Class Accuracy
C0: 0.7748
C1: 0.8788
C2: 0.7535
C3: 0.9102
C4: 0.4572
C5: 0.6837
C6: 0.3139
C7: 0.3018
C8: 0.2191
C9: 0.6477
C10: 0.7909
C11: 0.6147
C12: 0.6708
C13: 0.4799
C14: 0.5474
epoch: 27
loss: 0.1750	 train_acc: 0.9352	 test_acc: 0.7136
Confusion_Matrix
    927    251    132      0      0      0      0      0      0      0      0      0      0      0      0
    303   5328    222      7      0      0      0      0      0      0      0      0      0      0      0
     52     79    755     37      1      0      0      0      0      0      0      1      0      0      0
      0      9     19   3851    126     60      6      2      0      0      7     17      2      0      0
      0      0      0    124    171    283     22      0      1      1      4      0      2      0      0
      0      0      0     56     92   3101    520    152     32     44     27      0     16      0      0
      0      0      0      1      2    277    343    294     17    107     19      0      1      0      0
      0      0      0      1      2     47    105    257     56    130    184     33     59     14      0
      0      0      0      5      0     10     43    272    204    479    153      7      0      0      0
      0      0      0      0      0      9     28    311    422   2809    901     43      1      0      0
      0      0      0      1      0     10     12     39    106    874   6306    548     32      0      1
      0      0      2      9      0      6      0      0      2     33    466   1414    269      5      0
      0      0      0      1      0      4      0      1      0     11     98    277   1626     90     12
      0      0      0      1      0      2      0      0      0      1      8     11    297    697    175
      0      0      3      5      8      8      0      0      0      2     37     18    207   1136   1033
Class Accuracy
C0: 0.7076
C1: 0.9092
C2: 0.8162
C3: 0.9395
C4: 0.2812
C5: 0.7676
C6: 0.3233
C7: 0.2894
C8: 0.1739
C9: 0.6209
C10: 0.7953
C11: 0.6410
C12: 0.7670
C13: 0.5847
C14: 0.4204
epoch: 28
loss: 0.1685	 train_acc: 0.9362	 test_acc: 0.7092
Confusion_Matrix
   1012    186    112      0      0      0      0      0      0      0      0      0      0      0      0
    404   5153    279     24      0      0      0      0      0      0      0      0      0      0      0
     77     60    752     35      0      0      0      0      0      0      0      1      0      0      0
      0      8     21   3903    105     29     10      8      0      0      6      9      0      0      0
      0      0      0    151    207    233     11      1      0      1      2      0      2      0      0
      0      0      0    117    115   2991    494    219     24     52     14      0     14      0      0
      0      0      0      5      8    266    303    329     16     99     32      2      1      0      0
      0      0      0     11      1     46    101    265     60    132    166     31     56     19      0
      0      0      0      8      1     36     24    289    204    425    174     12      0      0      0
      0      0      0      0      0     12     21    383    334   2847    870     55      2      0      0
      0      0      0      6      0     11     19     71    104    832   6105    752     28      0      1
      0      0      3     24      2      1      0      1      1      3    407   1565    189      9      1
      0      0      0      7      0      4      0      0      0      3     96    335   1505    131     39
      0      0      0      2      2      0      0      0      0      0     12     12    233    617    314
      0      0      4      9     14      1      0      0      0      3     36     17    173    985   1215
Class Accuracy
C0: 0.7725
C1: 0.8794
C2: 0.8130
C3: 0.9522
C4: 0.3405
C5: 0.7403
C6: 0.2856
C7: 0.2984
C8: 0.1739
C9: 0.6293
C10: 0.7700
C11: 0.7094
C12: 0.7099
C13: 0.5176
C14: 0.4945
epoch: 29
loss: 0.1634	 train_acc: 0.9381	 test_acc: 0.6967
Confusion_Matrix
    978    243     89      0      0      0      0      0      0      0      0      0      0      0      0
    323   5342    186      9      0      0      0      0      0      0      0      0      0      0      0
    108     85    692     39      0      0      0      0      0      0      0      1      0      0      0
      0      9     31   3894     98     24      6      9      0      0      2      9     17      0      0
      0      0      0    160    228    195     18      3      1      0      1      0      2      0      0
      0      0      0    132    240   2881    439    228     27     53     13      3     24      0      0
      0      0      0      5     23    254    296    349     30     75     24      2      3      0      0
      0      0      0     10      5     56    100    266     71    115    158     38     47     17      5
      0      0      0     13      5     41     18    252    256    391    184     13      0      0      0
      0      0      0      6      1     26     22    424    620   2493    878     53      1      0      0
      0      0      0      4      0     21      8     88    135    726   6184    735     27      0      1
      0      0      3     30      0      3      0      0      0      3    406   1581    171      8      1
      0      6      0      1      0      9      0      0      0      3    104    375   1410    172     40
      0      1      0      1      1      1      0      0      0      0     13     17    194    679    285
      0      1      7      8      4      3      0      1      0      0     42     17    132   1282    960
Class Accuracy
C0: 0.7466
C1: 0.9116
C2: 0.7481
C3: 0.9500
C4: 0.3750
C5: 0.7131
C6: 0.2790
C7: 0.2995
C8: 0.2182
C9: 0.5511
C10: 0.7799
C11: 0.7167
C12: 0.6651
C13: 0.5696
C14: 0.3907
epoch: 30
loss: 0.1568	 train_acc: 0.9409	 test_acc: 0.6915
Confusion_Matrix
    953    213    144      0      0      0      0      0      0      0      0      0      0      0      0
    386   5154    297     23      0      0      0      0      0      0      0      0      0      0      0
     79     58    746     38      1      0      0      0      0      0      0      3      0      0      0
      0      7     18   3848    173     19      8      5      0      0      8      6      7      0      0
      0      0      0    123    257    201     21      1      0      0      3      0      2      0      0
      0      0      0     89    242   2635    814    153     20     35     33      0     18      0      1
      0      0      0      0     25    191    420    312     15     65     31      1      1      0      0
      0      0      0     14      5     40    150    280     53     94    146     32     54     19      1
      0      0      0      5      8     32     42    357    177    388    153     11      0      0      0
      0      0      0      1      2     15     63    569    451   2524    842     56      1      0      0
      0      0      0      1      0     15     14    155    121    863   6091    638     30      0      1
      0      0      1     16      3      0      0      0      1      1    490   1523    158     10      3
      0      0      0      8      0      6      1      0      0      1    115    328   1399    209     53
      0      0      0      3      2      0      0      0      0      0     14     14    190    695    274
      0      1      1      4     12      1      0      0      0      2     50     12    146    998   1230
Class Accuracy
C0: 0.7275
C1: 0.8795
C2: 0.8065
C3: 0.9388
C4: 0.4227
C5: 0.6522
C6: 0.3959
C7: 0.3153
C8: 0.1509
C9: 0.5579
C10: 0.7682
C11: 0.6904
C12: 0.6599
C13: 0.5831
C14: 0.5006
