epoch: 1
loss: 1.2316	 train_acc: 0.5766	 test_acc: 0.6801
Confusion_Matrix
    837    473      0      0      0      0      0      0      0      0      0      0      0      0      0
   1018   4842      0      0      0      0      0      0      0      0      0      0      0      0      0
    703    191      0     29      0      1      0      0      0      0      0      1      0      0      0
      3     36      0   3808     49    112      0      0      0      0      0     88      2      1      0
      0      1      0    170     32    393      0      0      0      1      0     11      0      0      0
      0      1      0    111     34   3502      0      8      0    281     10     93      0      0      0
      0      0      0      0      2    553      0      1      0    465      1     39      0      0      0
      0      0      0      0      0    147      0      9      0    461    122     99     24      0     26
      0      0      0      0      0     33      0      0      0    936    117     87      0      0      0
      0      0      0      0      0     12      0      4      0   3478    904    120      6      0      0
      0      7      0      0      0      5      0      2      0    983   5912    852    162      0      6
      0      2      0     10      2     22      0      0      0     36    345   1523    265      0      1
      1      5      0      0      1      5      0      0      0      8    144    368   1291     56    241
      0      3      0      2      2      1      0      0      0      0      2     24    189     25    944
      1      7      0      0      0      0      0      0      0      0      3     11    193     32   2210
Class Accuracy
C0: 0.6389
C1: 0.8263
C2: 0.0000
C3: 0.9290
C4: 0.0526
C5: 0.8668
C6: 0.0000
C7: 0.0101
C8: 0.0000
C9: 0.7688
C10: 0.7456
C11: 0.6904
C12: 0.6090
C13: 0.0210
C14: 0.8995
epoch: 2
loss: 0.8875	 train_acc: 0.6737	 test_acc: 0.6262
Confusion_Matrix
    238    148    923      1      0      0      0      0      0      0      0      0      0      0      0
   1044   4020    796      0      0      0      0      0      0      0      0      0      0      0      0
     74     40    777     32      0      0      0      0      0      0      0      2      0      0      0
      0     17     28   3959     10     60      0      0      0      1      1     23      0      0      0
      0      0      0    227     11    364      0      0      0      0      0      6      0      0      0
      0      0      0    186      7   3552    119      2      0     51     73     50      0      0      0
      0      0      0      6      0    590    135      1      0    247     45     37      0      0      0
      0      0      0      8      0    147     75      1      1    325    203     63     54     11      0
      0      0      0      0      0     24     16      0      3    542    566     22      0      0      0
      0      0      0      4      0     13      7      0      0   1764   2619    108      9      0      0
      0     23      2      4      0      2      7      0      0    288   6560   1004     39      0      0
      0     63      0     43      0      2      0      0      0      3    250   1755     90      0      0
      0     43      1      2      0      0      0      0      0      0     54    823   1105     92      0
      0      2      3      9      0      0      0      0      0      0      0     74    405    585    114
      0      5      7      1      0      4      0      0      0      0      1    118    380   1112    829
Class Accuracy
C0: 0.1817
C1: 0.6860
C2: 0.8400
C3: 0.9658
C4: 0.0181
C5: 0.8792
C6: 0.1272
C7: 0.0011
C8: 0.0026
C9: 0.3899
C10: 0.8273
C11: 0.7956
C12: 0.5212
C13: 0.4908
C14: 0.3374
epoch: 3
loss: 0.8124	 train_acc: 0.6939	 test_acc: 0.6810
Confusion_Matrix
     39    350    912      0      0      0      0      0      0      0      0      9      0      0      0
     29   5029    802      0      0      0      0      0      0      0      0      0      0      0      0
      2     75    819     24      0      0      0      0      0      0      0      5      0      0      0
      0     19     28   3987     24     26      0      0      0      1      0     14      0      0      0
      0      0      0    296     87    225      0      0      0      0      0      0      0      0      0
      0      0      0    247    132   3328    211      6      0     76      2     38      0      0      0
      0      0      0     25      3    556    282      4      0    150      1     36      4      0      0
      0      0      0     24      1    177    201      8      0    276     71     61     47      1     21
      0      0      0      3      0     41    147     10      0    840     54     78      0      0      0
      0      0      0      0      0     18    160      8      0   3587    633    116      2      0      0
      0      0      0     42      0      9     37      2      0   1251   5273   1212     87     15      1
      0     13      0    171      0     10      1      0      0     21    122   1668    200      0      0
      0      3      1      9      0      1      0      0      0      5     27    503   1403    154     14
      0      1      0     10      0      0      0      0      0      0      0     28    263    579    311
      0      1      1      3      0      0      0      0      0      1      2     44    251    735   1419
Class Accuracy
C0: 0.0298
C1: 0.8582
C2: 0.8854
C3: 0.9727
C4: 0.1431
C5: 0.8238
C6: 0.2658
C7: 0.0090
C8: 0.0000
C9: 0.7929
C10: 0.6650
C11: 0.7561
C12: 0.6618
C13: 0.4857
C14: 0.5775
epoch: 4
loss: 0.7607	 train_acc: 0.7136	 test_acc: 0.7066
Confusion_Matrix
    443    183    684      0      0      0      0      0      0      0      0      0      0      0      0
    412   4754    689      5      0      0      0      0      0      0      0      0      0      0      0
     41     78    758     36      0      0      0      0      0      0      0     12      0      0      0
      0      6     12   3885    114     64      0      0      0      0      0     18      0      0      0
      0      0      0    102    183    322      0      0      0      0      0      1      0      0      0
      0      0      0     62    114   3701     76      4     22     29     18     14      0      0      0
      0      0      0      0      3    768    159     11     64     40      4     12      0      0      0
      0      0      0      2      2    264    174     22     74    114    122     40     74      0      0
      0      0      0      0      0     72    160     32    185    514    184     26      0      0      0
      0      0      0      1      0     32    139     16    303   2843   1109     81      0      0      0
      0      2      0      6      0     15     49      2     58    546   6288    877     85      0      1
      0      7      0     40      5     15      1      0      0      6    296   1512    324      0      0
      0      6      1      5      0      2      0      0      2      0     95    246   1734     18     11
      0      8      0      6      1      0      0      0      0      0      1     24    506    289    357
      0     13      3      0      0      3      0      0      0      0      4     32    432    186   1784
Class Accuracy
C0: 0.3382
C1: 0.8113
C2: 0.8195
C3: 0.9478
C4: 0.3010
C5: 0.9161
C6: 0.1499
C7: 0.0248
C8: 0.1577
C9: 0.6284
C10: 0.7930
C11: 0.6854
C12: 0.8179
C13: 0.2424
C14: 0.7261
epoch: 5
loss: 0.7130	 train_acc: 0.7293	 test_acc: 0.6936
Confusion_Matrix
    712    385    212      1      0      0      0      0      0      0      0      0      0      0      0
    435   5292    131      2      0      0      0      0      0      0      0      0      0      0      0
    113    147    626     36      2      0      0      0      0      0      0      1      0      0      0
      0     17      4   3836    183     36      0      0      0      0      0     23      0      0      0
      0      0      0     92    226    288      1      0      0      0      0      1      0      0      0
      0      0      0    102    185   3580     73     35      0     32      8     23      2      0      0
      0      0      0      3     21    621    195    125      0     58      1     37      0      0      0
      0      0      0     15     15    226    119    170      5    113     89     52     69      1     14
      0      0      0      0      0     29     93    372      6    516     90     65      2      0      0
      0      0      0      0      0     33     34    407     28   3201    699    118      4      0      0
      0      0      1     47      0     18      4    111     13    988   5201   1298    206     28     14
      0      6      0     68      3      4      0      0      0      3     87   1695    334      3      3
      0      1      1     10      0      1      0      0      0      0      9    305   1679    103     11
      0      6      3      4      1      1      0      0      0      0      0     20    332    773     52
      0     12      6      2      0      4      0      0      0      0      0     30    276   1305    822
Class Accuracy
C0: 0.5435
C1: 0.9031
C2: 0.6768
C3: 0.9358
C4: 0.3717
C5: 0.8861
C6: 0.1838
C7: 0.1914
C8: 0.0051
C9: 0.7076
C10: 0.6559
C11: 0.7684
C12: 0.7920
C13: 0.6485
C14: 0.3346
epoch: 6
loss: 0.6833	 train_acc: 0.7413	 test_acc: 0.7148
Confusion_Matrix
    346    730    233      1      0      0      0      0      0      0      0      0      0      0      0
    103   5592    163      2      0      0      0      0      0      0      0      0      0      0      0
     18    209    644     43      0      1      0      0      0      0      0     10      0      0      0
      0     11      4   3858     49    147      0      1      0      2      1     26      0      0      0
      0      0      0     95     66    435      2      2      0      5      1      2      0      0      0
      0      0      0     64      6   3219    335    156      0    218     29     13      0      0      0
      0      0      0      0      0    380    219    159      0    267     31      5      0      0      0
      0      0      0      0      0     81     47     73      1    429    160     31     50      0     16
      0      0      0      0      0      4      6     41      0    888    233      1      0      0      0
      0      0      0      0      0      1      0      1      0   3261   1204     57      0      0      0
      0      0      0      1      0      2      0      1      0    612   6731    575      7      0      0
      0      0      0     11      0      2      0      0      0     12    630   1449    102      0      0
      0      0      0      1      0      0      0      0      0      2    375    342   1305     23     72
      0      0      0      4      0      1      0      0      0      0     34     31    369    172    581
      0      4      1      0      0      2      0      2      0     34     44     41    312     80   1937
Class Accuracy
C0: 0.2641
C1: 0.9543
C2: 0.6962
C3: 0.9412
C4: 0.1086
C5: 0.7968
C6: 0.2064
C7: 0.0822
C8: 0.0000
C9: 0.7208
C10: 0.8489
C11: 0.6568
C12: 0.6156
C13: 0.1443
C14: 0.7884
epoch: 7
loss: 0.6511	 train_acc: 0.7524	 test_acc: 0.6929
Confusion_Matrix
    587    526    197      0      0      0      0      0      0      0      0      0      0      0      0
    201   5449    205      5      0      0      0      0      0      0      0      0      0      0      0
     43    138    692     40      0      0      0      0      0      0      0     12      0      0      0
      0      6      2   3977     31     18      0      1      0      0      0     64      0      0      0
      0      0      0    174    175    243      0      0      0      1      0     15      0      0      0
      0      0      0    175    149   3309     60     86      0     76     94     91      0      0      0
      0      0      0      7      4    481     93    174      3    212     22     65      0      0      0
      0      0      0      4      0    110     47     99      6    242    224     87     69      0      0
      0      0      0      0      0     15      4     54      3    719    341     37      0      0      0
      0      0      0      0      0      2      0     29      5   2519   1888     79      2      0      0
      0      0      0      2      0      0      0      5      0    362   6790    691     78      1      0
      0      0      0      8      0      0      0      0      0      2    437   1515    244      0      0
      0      0      0      0      0      0      0      0      0      0    180    246   1667     27      0
      0      0      0      1      0      0      0      0      0      0      6     57    490    608     30
      1      0      0      0      0      0      0      0      0      0      2     64    450   1437    503
Class Accuracy
C0: 0.4481
C1: 0.9299
C2: 0.7481
C3: 0.9702
C4: 0.2878
C5: 0.8191
C6: 0.0877
C7: 0.1115
C8: 0.0026
C9: 0.5568
C10: 0.8564
C11: 0.6868
C12: 0.7863
C13: 0.5101
C14: 0.2047
epoch: 8
loss: 0.6265	 train_acc: 0.7621	 test_acc: 0.6986
Confusion_Matrix
    366    861     82      1      0      0      0      0      0      0      0      0      0      0      0
     56   5729     73      2      0      0      0      0      0      0      0      0      0      0      0
     32    306    517     60      0      0      0      0      0      0      0      2      0      0      8
      0     13      0   3905    130     33      0      0      0      0      0     18      0      0      0
      0      0      0    106    240    254      0      0      0      2      0      6      0      0      0
      0      0      0     81    116   3467     93     94     50     77     35     27      0      0      0
      0      0      0      2      6    551     92    119     77    182     15     17      0      0      0
      0      0      0      0      4    164     35     55    112    217    181     47     50     23      0
      0      0      0      0      0     52     10     40    126    716    212     17      0      0      0
      0      0      0      0      0     18      0     11    159   3152   1125     58      1      0      0
      0      0      0     21      0      8      0      3     19    737   6441    659     11     30      0
      0     15      0     65      0      3      0      0      0     18    428   1493    171     13      0
      0      2      0      6      1      2      0      0      0      4    176    376   1099    447      7
      0      1      0      5      0      0      0      0      0      0     11     53    127    911     84
      0      4      0      1      0      0      0      0      0      1     19     52    101   1655    624
Class Accuracy
C0: 0.2794
C1: 0.9776
C2: 0.5589
C3: 0.9527
C4: 0.3947
C5: 0.8582
C6: 0.0867
C7: 0.0619
C8: 0.1074
C9: 0.6967
C10: 0.8123
C11: 0.6768
C12: 0.5184
C13: 0.7643
C14: 0.2540
epoch: 9
loss: 0.6004	 train_acc: 0.7715	 test_acc: 0.7185
Confusion_Matrix
    692    545     73      0      0      0      0      0      0      0      0      0      0      0      0
    183   5615     61      1      0      0      0      0      0      0      0      0      0      0      0
     57    271    565     22      0      1      0      0      9      0      0      0      0      0      0
      0     16      7   3894     98     37      0      0      0      0      0     47      0      0      0
      0      0      0    117    233    248      0      0      0      0      0     10      0      0      0
      0      0      0     72    114   3597    112     26      3     51     49     16      0      0      0
      0      0      0      0      2    580    220    103     11     98     21     26      0      0      0
      0      0      0      2      0    216    119    105     35     86    215     44     55      9      2
      0      0      0      0      0     62     86    201     70    505    215     34      0      0      0
      0      0      0      0      0     43     30    234    202   2856   1101     58      0      0      0
      0      0      0     12      0     18      4     47     44    653   6431    715      5      0      0
      0      1      0     32      2      3      0      0      0      7    457   1586    107     11      0
      0      0      0      4      0      4      0      0      2      0    200    453   1268    183      6
      0      0      0      3      0      0      0      0      0      0     14     40    243    749    143
      1      0      1      4      0      2      0      0      3      0     13     82    178   1032   1141
Class Accuracy
C0: 0.5282
C1: 0.9582
C2: 0.6108
C3: 0.9500
C4: 0.3832
C5: 0.8903
C6: 0.2074
C7: 0.1182
C8: 0.0597
C9: 0.6313
C10: 0.8111
C11: 0.7189
C12: 0.5981
C13: 0.6284
C14: 0.4644
epoch: 10
loss: 0.5742	 train_acc: 0.7823	 test_acc: 0.7041
Confusion_Matrix
    927    305     78      0      0      0      0      0      0      0      0      0      0      0      0
    374   5373     85     27      0      0      0      0      0      0      0      1      0      0      0
     96    234    526     38      0      9      0      0     10      0      1      3      6      0      2
      0      6      3   3754    196     40      0      0      0      2      2     37     23      0     36
      0      0      0     77    265    248      0      2      1      0      0     14      1      0      0
      0      0      0     39    139   3397    153     91     64     13     46     45     13      0     40
      0      0      0      2      4    494    237    162    103     16     20     13     10      0      0
      0      0      0      0      0    106    132    131    143     49    207     40     56     24      0
      0      0      0      0      0     16     91    114    474    171    302      5      0      0      0
      0      0      0      0      1      2     31    112   1195   1575   1545     43      8      0     12
      0      0      0      0      0      2      5      3    209    312   6859    298    191     29     21
      0      0      0      2      0      1      0      0      0      4    679   1106    382     28      4
      0      0      0      0      0      0      0      0      0      0     74    131   1352    469     94
      0      0      0      0      1      0      0      0      0      0      4      8    116    723    340
      0      0      0      0      0      1      0      0      0      0      8     15     78    614   1741
Class Accuracy
C0: 0.7076
C1: 0.9169
C2: 0.5686
C3: 0.9158
C4: 0.4359
C5: 0.8408
C6: 0.2234
C7: 0.1475
C8: 0.4041
C9: 0.3481
C10: 0.8651
C11: 0.5014
C12: 0.6377
C13: 0.6065
C14: 0.7086
epoch: 11
loss: 0.5484	 train_acc: 0.7929	 test_acc: 0.7115
Confusion_Matrix
    884    349     73      1      0      0      0      0      0      0      0      0      0      0      3
    292   5438    109     16      0      5      0      0      0      0      0      0      0      0      0
     92    153    612     48      1      7      0      0      2      0      0      0      0      0     10
      0      6      2   3565    295    198      2      0      0      0      3     28      0      0      0
      0      0      0     20    105    468      4      3      1      0      1      6      0      0      0
      0      0      0     37      8   3091    599    144     82     24     48      7      0      0      0
      0      0      0      0      0    194    390    235    112    122      7      0      1      0      0
      0      0      0      0      0     49     99    160    175    175    139     26     43      4     18
      0      0      0      0      0      3     12     72    251    586    245      4      0      0      0
      0      0      0      0      0      4      3     35    249   2789   1399     41      4      0      0
      0      0      0      5      0     13      2      4     38    600   6831    386     14     13     23
      0      0      0     40      0     23      0     11      5     34    785   1148    137     16      7
      0      0      0      0      0      1      0      0      0      4    378    206   1115    339     77
      0      1      0      1      1      0      0      0      1      0     20      6    141    657    364
      0      0      0      0      0      0      0      0      1      0      9     18    124    601   1704
Class Accuracy
C0: 0.6748
C1: 0.9280
C2: 0.6616
C3: 0.8697
C4: 0.1727
C5: 0.7651
C6: 0.3676
C7: 0.1802
C8: 0.2140
C9: 0.6165
C10: 0.8615
C11: 0.5204
C12: 0.5259
C13: 0.5512
C14: 0.6935
epoch: 12
loss: 0.5252	 train_acc: 0.8012	 test_acc: 0.7211
Confusion_Matrix
    923    175    212      0      0      0      0      0      0      0      0      0      0      0      0
    440   5158    259      3      0      0      0      0      0      0      0      0      0      0      0
     42     83    759     31      0      0      0      0      0      0      0      0      0      0     10
      0      7      4   3869    131     81      0      0      0      0      0      7      0      0      0
      0      0      0     96    150    357      3      0      0      1      0      1      0      0      0
      0      0      0     57     50   3508    280     61     22     44     11      7      0      0      0
      0      0      0      1      2    408    407    136      8     98      1      0      0      0      0
      0      0      0      1      1    117    156    200     67    179     63     33     56     15      0
      0      0      0      0      0     20     33    225    115    701     73      6      0      0      0
      0      0      0      0      0      8      8    309    321   3222    596     55      5      0      0
      0      0      0     14      0     19      1     25     53   1447   5739    511    107     10      3
      0      3      0     75      0     13      0      0      9    106    439   1207    354      0      0
      0      0      0      0      0      2      0      3      1      7    110    176   1653    153     15
      0      1      0      4      0      0      0      1      2      3      8     15    247    667    244
      0      1      0      0      0      1      0      0      0      1      8     24    199    673   1550
Class Accuracy
C0: 0.7046
C1: 0.8802
C2: 0.8205
C3: 0.9439
C4: 0.2467
C5: 0.8683
C6: 0.3836
C7: 0.2252
C8: 0.0980
C9: 0.7122
C10: 0.7238
C11: 0.5471
C12: 0.7797
C13: 0.5596
C14: 0.6309
epoch: 13
loss: 0.5048	 train_acc: 0.8101	 test_acc: 0.6634
Confusion_Matrix
    543    420    346      1      0      0      0      0      0      0      0      0      0      0      0
    149   5346    338     27      0      0      0      0      0      0      0      0      0      0      0
     23     95    756     48      0      2      0      0      0      0      0      1      0      0      0
      0      6      2   3507    515     36      0      7      0      0      1     11     11      0      3
      0      0      0     42    342    214      1      4      1      0      1      2      1      0      0
      0      1      0     54    247   3170    354    135     43      1     26      3      3      0      3
      0      0      0      0     24    326    305    349     32      0      4      4      0      0     17
      0      0      0      0      2     84    101    294    197      5     90     30     56      0     29
      0      0      0      0      0     11     60    303    612     45    119     23      0      0      0
      0      0      0      1      0      6     10    441   2397    830    762     68      8      0      1
      0      0      0      7      1     26      0    102    704    493   5781    613    154     16     32
      0      0      0     38     10     39      0      9      6     12    322   1342    424      3      1
      0      0      0      0      1      3      0     14      1      0     40    159   1603    165    134
      0      0      0      1      0      0      0      3      0      0      0      6    193    406    583
      0      0      1      0      0      3      0      2      1      0      6     22    127    336   1959
Class Accuracy
C0: 0.4145
C1: 0.9123
C2: 0.8173
C3: 0.8556
C4: 0.5625
C5: 0.7847
C6: 0.2875
C7: 0.3311
C8: 0.5217
C9: 0.1835
C10: 0.7291
C11: 0.6083
C12: 0.7561
C13: 0.3406
C14: 0.7973
epoch: 14
loss: 0.4808	 train_acc: 0.8192	 test_acc: 0.7061
Confusion_Matrix
    737    175    397      0      0      0      0      0      0      0      0      0      0      0      1
    304   5089    467      0      0      0      0      0      0      0      0      0      0      0      0
     10     62    821     28      0      0      0      0      1      0      0      3      0      0      0
      0      6      6   3914    111     19      0      3      1      0      1     27      7      0      4
      0      0      0    132    289    181      0      2      1      0      1      2      0      0      0
      0      0      0    111    302   3234    190    114     44      6     27      7      4      0      1
      0      0      0      8     22    374    257    345     36      8      4      2      0      0      5
      0      0      0      2      1    105     63    288    150     36    138     31     54      1     19
      0      0      0      0      0     16     16    302    366    233    235      5      0      0      0
      0      0      0      3      0      2      6    221   1262   1780   1191     57      2      0      0
      0      0      0      4      0      9      0     31    212    386   6617    479    152     13     26
      0      1      0     32      0      4      0      0      6     13    436   1239    466      0      9
      0      0      0      0      0      0      0      1      1      0     62    144   1639    152    121
      0      2      0      3      0      0      0      1      1      0      3      9    192    477    504
      1      0      0      0      0      0      0      0      1      0     13     18    153    497   1774
Class Accuracy
C0: 0.5626
C1: 0.8684
C2: 0.8876
C3: 0.9549
C4: 0.4753
C5: 0.8005
C6: 0.2422
C7: 0.3243
C8: 0.3120
C9: 0.3935
C10: 0.8345
C11: 0.5617
C12: 0.7731
C13: 0.4002
C14: 0.7220
epoch: 15
loss: 0.4603	 train_acc: 0.8290	 test_acc: 0.7290
Confusion_Matrix
   1008    249     51      0      0      0      0      0      0      0      0      0      0      0      2
    437   5305    117      1      0      0      0      0      0      0      0      0      0      0      0
    123    156    611     25      0      0      0      0      0      0      0      1      0      0      9
      0      5     22   3873    132     29      0      1      0      3      1     31      2      0      0
      0      0      0    115    238    244      0      2      0      1      1      7      0      0      0
      0      0      0     82    116   3462    125     94      1     76     56     28      0      0      0
      0      0      0      5     11    475    127    253      9    132     17     32      0      0      0
      0      0      0      3      4    121     45    222     63    157    156     47     52     18      0
      0      0      0      0      0     13     11    153    118    590    264     24      0      0      0
      0      0      0      1      0      3      4     65    422   2739   1223     67      0      0      0
      0      0      0      0      0      7      1     16     27    534   6575    727     29     11      2
      0      0      0     23      0      3      0      0      0      5    359   1574    241      1      0
      0      0      0      0      0      0      0      0      0      8     81    344   1525    139     23
      0      0      0      1      0      0      0      0      0      1      3     34    220    655    278
      0      0      0      3      1      1      0      0      3      0     21     50    199    765   1414
Class Accuracy
C0: 0.7695
C1: 0.9053
C2: 0.6605
C3: 0.9449
C4: 0.3914
C5: 0.8569
C6: 0.1197
C7: 0.2500
C8: 0.1006
C9: 0.6054
C10: 0.8292
C11: 0.7135
C12: 0.7193
C13: 0.5495
C14: 0.5755
epoch: 16
loss: 0.4372	 train_acc: 0.8369	 test_acc: 0.7046
Confusion_Matrix
    842    197    269      1      0      0      0      0      0      0      0      0      0      0      1
    421   5097    325     15      0      0      0      0      0      0      0      2      0      0      0
     25     56    773     56      2      0      0      0      1      0      0      2      0      0     10
      0      5      3   3760    235     62      1      4      1      0      2     11     12      0      3
      0      0      0     59    235    308      1      1      0      0      1      3      0      0      0
      0      0      0     52     99   3388    337     74     47     16     23      3      1      0      0
      0      0      0      4      1    374    342    295     23     10      5      7      0      0      0
      0      0      0      0      0     90    133    272    126     45    118     33     50      3     18
      0      0      0      0      0      6     26    249    444    268    180      0      0      0      0
      0      0      0      1      0      5      7    210   1625   1631    993     52      0      0      0
      0      0      0      4      0     11      1     21    234    597   6521    478     48      8      6
      0      0      0     24      0      3      0      0      1     24    574   1315    262      0      3
      0      0      0      0      1      2      0      2      4      0    119    273   1550     90     79
      0      0      0      1      0      0      0      1      1      0      4     22    228    405    530
      1      0      0      0      0      0      0      0      1      0      5     32    175    359   1884
Class Accuracy
C0: 0.6427
C1: 0.8698
C2: 0.8357
C3: 0.9173
C4: 0.3865
C5: 0.8386
C6: 0.3223
C7: 0.3063
C8: 0.3785
C9: 0.3605
C10: 0.8224
C11: 0.5961
C12: 0.7311
C13: 0.3398
C14: 0.7668
epoch: 17
loss: 0.4210	 train_acc: 0.8443	 test_acc: 0.6981
Confusion_Matrix
    850    232    227      0      0      0      0      0      0      0      0      0      0      0      1
    291   5159    384     26      0      0      0      0      0      0      0      0      0      0      0
     18     72    801     33      0      0      0      0      0      0      0      0      1      0      0
      0      4      7   3893    105     41      0      0      0      0      1     30     18      0      0
      0      0      0    123    192    286      0      2      0      0      2      3      0      0      0
      0      0      0     69     90   3599     90    108      5     20     44     13      2      0      0
      0      0      0      2     13    545    178    279      9     11      8      2     14      0      0
      0      0      0      1      0    133     82    329     73     32    126     35     57     20      0
      0      0      0      0      1     14     31    366    311    227    219      4      0      0      0
      0      0      0      3      0     13      7    323   1646   1276   1198     57      1      0      0
      0      0      0      3      0     14      1     63    272    294   6576    574    109     23      0
      0      1      0     31      0      8      0      0      0     31    398   1309    421      7      0
      0      0      0      3      1      1      0      2      0      0     49    151   1738    167      8
      0      0      0      5      0      0      0      0      0      0      2      8    270    701    206
      0      1      2      0      0      0      0      0      0      0      0     36    214    917   1287
Class Accuracy
C0: 0.6489
C1: 0.8804
C2: 0.8659
C3: 0.9497
C4: 0.3158
C5: 0.8908
C6: 0.1678
C7: 0.3705
C8: 0.2651
C9: 0.2821
C10: 0.8294
C11: 0.5934
C12: 0.8198
C13: 0.5881
C14: 0.5238
epoch: 18
loss: 0.4038	 train_acc: 0.8510	 test_acc: 0.6895
Confusion_Matrix
    611    433    266      0      0      0      0      0      0      0      0      0      0      0      0
    140   5506    207      6      0      0      0      0      0      0      0      1      0      0      0
     11    114    753     36      1      2      0      0      4      0      0      0      0      0      4
      0      6      2   3738    280     37      0      0      0      0      0     12     21      0      3
      0      0      0     66    293    200     44      1      0      0      1      2      1      0      0
      0      0      0     48    202   2967    639     86     14     31     40      8      5      0      0
      0      0      0      1     13    237    495    212     44     52      7      0      0      0      0
      0      0      0      0      1     65    155    232    215     29     86     26     68      8      3
      0      0      0      0      0      7     44    274    443    204    198      3      0      0      0
      0      0      0      0      0      5     17    223   1749   1363   1108     53      6      0      0
      0      0      0      2      0     19      1     38    451    341   6351    544    152     23      7
      0      2      0     53      1     21      1      0     22     11    406   1192    467     28      2
      0      0      0      0      1      0      0      6      3      0     52    115   1731    153     59
      0      0      0      3      0      0      0      5      2      0      3      5    233    548    393
      1      0      0      0      0      0      0      0      1      0      9     22    196    602   1626
Class Accuracy
C0: 0.4664
C1: 0.9396
C2: 0.8141
C3: 0.9119
C4: 0.4819
C5: 0.7344
C6: 0.4665
C7: 0.2613
C8: 0.3777
C9: 0.3013
C10: 0.8010
C11: 0.5403
C12: 0.8165
C13: 0.4597
C14: 0.6618
epoch: 19
loss: 0.3832	 train_acc: 0.8593	 test_acc: 0.6984
Confusion_Matrix
   1002    202    102      1      0      0      0      0      0      0      0      0      0      0      3
    390   5293    163     14      0      0      0      0      0      0      0      0      0      0      0
     77    106    695     43      1      2      0      0      0      0      0      0      0      0      1
      0      4      4   3891    146     28      0      0      0      0      0     14     12      0      0
      0      0      0     96    256    253      0      0      0      0      0      3      0      0      0
      0      0      0     81    138   3570     60    107      2     30     43      8      1      0      0
      0      0      0      4     12    526    218    285      4      5      4      3      0      0      0
      0      0      0      0      2    145    104    324     44     70     73     41     68     16      1
      0      0      0      0      0     32     55    408    163    384    117     14      0      0      0
      0      0      0      7      0     17     16    567    791   2424    639     63      0      0      0
      0      0      0      8      0     20      1    120    133   1303   5415    641    251     26     11
      0      5      0     51      0     13      1      5      1     44    252   1302    528      4      0
      0      3      0      4      0      7      0      5      0      2     18    147   1722    177     35
      0      2      0      7      0      1      0      2      0      0      2      9    261    657    251
      0      3      0      8      1      4      0      0      2      1      7     29    216    909   1277
Class Accuracy
C0: 0.7649
C1: 0.9032
C2: 0.7514
C3: 0.9493
C4: 0.4211
C5: 0.8837
C6: 0.2055
C7: 0.3649
C8: 0.1390
C9: 0.5358
C10: 0.6829
C11: 0.5902
C12: 0.8123
C13: 0.5512
C14: 0.5197
epoch: 20
loss: 0.3704	 train_acc: 0.8644	 test_acc: 0.7204
Confusion_Matrix
    933    172    198      4      0      0      0      0      0      0      0      0      0      0      3
    370   5200    239     49      0      2      0      0      0      0      0      0      0      0      0
     35     70    748     55      0     12      0      0      5      0      0      0      0      0      0
      0      5      2   3880    176     27      0      1      0      0      1      3      4      0      0
      0      0      0    104    227    260     12      4      0      0      0      1      0      0      0
      0      0      0     67    136   2959    615    172     23     31     32      2      3      0      0
      0      0      0      2      7    209    367    377     23     71      2      2      1      0      0
      0      0      0      0      7     37     68    334    166     95     78     30     55     17      1
      0      0      0      0      0      1      9    255    363    361    181      3      0      0      0
      0      0      0      2      0      1      0    154    732   2732    840     57      6      0      0
      0      0      0     18      0     13      0     34    141    799   6253    526    121     18      6
      0      0      0     74      1     16      0      1      0     54    363   1315    352     28      2
      0      0      0      3      0      1      0     10      0      1     54    234   1504    233     80
      0      0      0      8      0      0      0      6      0      0      5     11    177    589    396
      0      0      0      2      1      0      0      1      1      0      6     31    125    595   1695
Class Accuracy
C0: 0.7122
C1: 0.8874
C2: 0.8086
C3: 0.9466
C4: 0.3734
C5: 0.7324
C6: 0.3459
C7: 0.3761
C8: 0.3095
C9: 0.6039
C10: 0.7886
C11: 0.5961
C12: 0.7094
C13: 0.4941
C14: 0.6899
epoch: 21
loss: 0.3551	 train_acc: 0.8694	 test_acc: 0.7213
Confusion_Matrix
    994    263     53      0      0      0      0      0      0      0      0      0      0      0      0
    338   5431     78     12      0      1      0      0      0      0      0      0      0      0      0
     93    160    605     48      1      5      0      0      2      0      0      1      0      0     10
      0      3      2   3846    163     66      0      1      1      0      2     10      5      0      0
      0      0      0     91    168    333     11      2      1      1      1      0      0      0      0
      0      0      0     64     39   3267    418    122     32     49     46      3      0      0      0
      0      0      0      2      3    294    362    245     37     99     15      4      0      0      0
      0      0      0      0      1     98     84    186    144    155    128     29     63      0      0
      0      0      0      0      0     13     11    133    347    470    199      0      0      0      0
      0      0      0      1      0      3      1     83    822   2486   1087     41      0      0      0
      0      0      0      1      0     18      0     11     69    736   6661    392     34      5      2
      0      0      0     22      0     17      0      0      0     22    705   1158    281      1      0
      0      0      0      6      0      0      0      3      0      5    174    234   1615     72     11
      0      1      0      7      0      0      0      2      4      0      9     19    319    555    276
      0      0      0      1      1      0      0      0      5      0     24     34    265    674   1453
Class Accuracy
C0: 0.7588
C1: 0.9268
C2: 0.6541
C3: 0.9383
C4: 0.2763
C5: 0.8087
C6: 0.3412
C7: 0.2095
C8: 0.2958
C9: 0.5495
C10: 0.8401
C11: 0.5249
C12: 0.7618
C13: 0.4656
C14: 0.5914
epoch: 22
loss: 0.3394	 train_acc: 0.8758	 test_acc: 0.7105
Confusion_Matrix
   1021    189    100      0      0      0      0      0      0      0      0      0      0      0      0
    362   5331    157     10      0      0      0      0      0      0      0      0      0      0      0
     56    104    717     44      2      1      0      0      0      0      0      1      0      0      0
      0      5      2   3628    388     43      2      4      0      0      1     12     14      0      0
      0      0      0     42    309    207     43      3      0      0      2      2      0      0      0
      0      0      0     54    131   2652    980    131     39     15     33      5      0      0      0
      0      0      0      0     10    170    540    282     30     22      5      2      0      0      0
      0      0      0      0      1     58    105    291    162     77    101     31     57      0      5
      0      0      0      0      0      3     15    254    389    357    154      1      0      0      0
      0      0      0      2      0      5      0    131    878   2532    928     48      0      0      0
      0      0      0      0      0     18      6     18    150    904   6272    496     51     11      3
      0      0      0     18      0     15      0      0      5     36    561   1261    307      2      1
      0      0      0      0      0      0      0     11      2      2    142    194   1666     57     46
      0      0      0      0      3      1      0      9      6      0      9      9    332    405    418
      0      1      0      0      0      0      0      0      0      0     16     25    263    468   1684
Class Accuracy
C0: 0.7794
C1: 0.9097
C2: 0.7751
C3: 0.8851
C4: 0.5082
C5: 0.6564
C6: 0.5090
C7: 0.3277
C8: 0.3316
C9: 0.5597
C10: 0.7910
C11: 0.5716
C12: 0.7858
C13: 0.3398
C14: 0.6854
epoch: 23
loss: 0.3247	 train_acc: 0.8810	 test_acc: 0.7163
Confusion_Matrix
    921    277    112      0      0      0      0      0      0      0      0      0      0      0      0
    254   5486    118      2      0      0      0      0      0      0      0      0      0      0      0
     52    135    698     33      1      3      0      0      3      0      0      0      0      0      0
      0      5      5   3845    192     26      0      3      0      0      1      6     16      0      0
      0      0      0     89    292    211      9      3      0      0      2      2      0      0      0
      0      0      0     59    163   3201    367    157      6     33     46      6      2      0      0
      0      0      0      1     14    283    326    370     13     36     16      2      0      0      0
      0      0      0      0      5     77     76    310     86     87    149     28     68      2      0
      0      0      0      0      0      6      8    309    270    284    294      2      0      0      0
      0      0      0      0      0      7      1    233    890   2003   1323     67      0      0      0
      0      0      0      4      0     14      1     48    129    514   6652    492     72      1      2
      0      0      0     33      0     10      0      0      0     17    534   1294    318      0      0
      0      0      0      0      0      0      0      6      0      3    100    212   1739     53      7
      0      1      0      3      0      0      0      4      1      0      5     16    399    509    254
      0      0      1      0      0      0      0      0      0      0     20     34    349    668   1385
Class Accuracy
C0: 0.7031
C1: 0.9362
C2: 0.7546
C3: 0.9380
C4: 0.4803
C5: 0.7923
C6: 0.3073
C7: 0.3491
C8: 0.2302
C9: 0.4427
C10: 0.8389
C11: 0.5866
C12: 0.8203
C13: 0.4270
C14: 0.5637
epoch: 24
loss: 0.3141	 train_acc: 0.8845	 test_acc: 0.7300
Confusion_Matrix
    974    231    103      0      0      0      0      0      0      0      0      0      0      0      2
    263   5454    138      3      0      0      0      0      0      0      0      2      0      0      0
     51    109    715     35      0      2      0      0      1      0      0      0      0      0     12
      0      6      6   3909    124     29      0      1      0      0      0     14     10      0      0
      0      0      0    129    266    200      6      2      0      0      0      5      0      0      0
      0      0      0     79    221   3206    311     99      5     59     45     15      0      0      0
      0      0      0      2     18    317    294    276     23    103     23      5      0      0      0
      0      0      0      2      6     83     86    223    110    131    143     38     49     13      4
      0      0      0      0      0      9      8    164    237    480    275      0      0      0      0
      0      0      0      0      0      4      1     93    603   2575   1193     55      0      0      0
      0      0      0      2      0     12      1     16     55    590   6608    594     47      2      2
      0      0      0     14      0      6      0      0      0     21    427   1468    269      1      0
      0      0      0      2      0      0      0      5      0      4     85    293   1579    110     42
      0      1      0      5      3      0      0      3      1      0      7     17    265    518    372
      0      4      0      5      1      0      0      0      1      0     23     42    191    730   1460
Class Accuracy
C0: 0.7435
C1: 0.9307
C2: 0.7730
C3: 0.9536
C4: 0.4375
C5: 0.7936
C6: 0.2771
C7: 0.2511
C8: 0.2020
C9: 0.5692
C10: 0.8334
C11: 0.6655
C12: 0.7448
C13: 0.4346
C14: 0.5942
epoch: 25
loss: 0.3012	 train_acc: 0.8908	 test_acc: 0.7210
Confusion_Matrix
    982    216    107      0      0      0      0      0      0      0      0      0      0      0      5
    283   5442    117     18      0      0      0      0      0      0      0      0      0      0      0
     57     95    704     53      1      3      0      0     12      0      0      0      0      0      0
      0      1      2   3826    201     43      1      1      0      0      1      4     19      0      0
      0      0      0     86    245    263      8      3      0      0      1      2      0      0      0
      0      0      0     51    141   3315    302    143     10     26     47      4      1      0      0
      0      0      0      1      7    319    360    320     11     29      9      3      1      0      1
      0      0      0      0      6     60    106    376     73     79    103     22     45     12      6
      0      0      0      0      0     12     19    369    267    318    185      3      0      0      0
      0      0      0      2      0      3      4    420    779   2499    760     57      0      0      0
      0      0      0      2      0     14      2     96    146    999   6102    491     55     17      5
      0      0      0     41      0     24      0      1      0     32    474   1319    295     16      4
      0      0      0      4      0      1      0      6      1      0    116    237   1496    170     89
      0      2      0      2      1      2      0      3      0      1      6     11    205    424    535
      0      2      0      0      0      0      0      0      0      1      8     29    157    496   1764
Class Accuracy
C0: 0.7496
C1: 0.9287
C2: 0.7611
C3: 0.9334
C4: 0.4030
C5: 0.8205
C6: 0.3393
C7: 0.4234
C8: 0.2276
C9: 0.5524
C10: 0.7696
C11: 0.5979
C12: 0.7057
C13: 0.3557
C14: 0.7179
epoch: 26
loss: 0.2925	 train_acc: 0.8929	 test_acc: 0.7010
Confusion_Matrix
    992    190    127      1      0      0      0      0      0      0      0      0      0      0      0
    317   5281    245     13      0      0      0      0      0      0      0      4      0      0      0
     65     75    731     52      1      1      0      0      0      0      0      0      0      0      0
      0      3      3   3803    237     36      0      1      0      0      1      1     14      0      0
      0      0      0     87    247    263      7      2      0      0      1      1      0      0      0
      0      0      0     61    109   3395    261    146     15     19     32      1      1      0      0
      0      0      0      1      7    366    365    274     22     22      3      1      0      0      0
      0      0      0      0     11    108    113    331    122     43     67     20     54      2     17
      0      0      0      0      0     18     28    407    353    216    151      0      0      0      0
      0      0      0      2      1     16      8    358   1396   1993    705     44      1      0      0
      0      0      0      6      0     21      0    109    251   1031   5937    495     65     12      2
      0      0      0     44      0     20      0      1     10     52    575   1172    330      1      1
      0      0      0      4      1      2      0      9      1      3     96    177   1631     70    126
      0      1      0      2      1      3      0      4      0      0      9     12    267    300    593
      0      2      1      1      2      0      1      1      2      0     16     18    195    435   1783
Class Accuracy
C0: 0.7573
C1: 0.9012
C2: 0.7903
C3: 0.9278
C4: 0.4062
C5: 0.8403
C6: 0.3440
C7: 0.3727
C8: 0.3009
C9: 0.4405
C10: 0.7488
C11: 0.5313
C12: 0.7693
C13: 0.2517
C14: 0.7257
epoch: 27
loss: 0.2854	 train_acc: 0.8958	 test_acc: 0.7218
Confusion_Matrix
    940    226    144      0      0      0      0      0      0      0      0      0      0      0      0
    237   5428    186      7      0      2      0      0      0      0      0      0      0      0      0
     28     93    755     39      2      3      0      0      5      0      0      0      0      0      0
      0      5      4   3767    262     35      0      1      0      0      4      7     14      0      0
      0      0      0     70    335    188     10      1      0      0      0      4      0      0      0
      0      0      0     53    205   3241    315    137      3     32     47      7      0      0      0
      0      0      0      0     11    350    360    258     15     59      7      1      0      0      0
      0      0      0      0      6     82    113    318     80     98    101     24     54     12      0
      0      0      0      0      0     10     43    326    262    332    200      0      0      0      0
      0      0      0      0      0     12      5    308    865   2390    902     42      0      0      0
      0      0      0      0      0     13      2     97    111    781   6429    441     41     11      3
      0      0      0     16      2     20      0      1      0     25    647   1184    299      5      7
      0      0      0      4      0      1      0      2      0      9    124    229   1600    107     44
      0      1      0      1      3      2      0      5      1      0     10      8    236    597    328
      0      1      0      0      6      2      1      0      3      0     24     26    207    639   1548
Class Accuracy
C0: 0.7176
C1: 0.9263
C2: 0.8162
C3: 0.9190
C4: 0.5510
C5: 0.8022
C6: 0.3393
C7: 0.3581
C8: 0.2234
C9: 0.5283
C10: 0.8108
C11: 0.5367
C12: 0.7547
C13: 0.5008
C14: 0.6300
epoch: 28
loss: 0.2740	 train_acc: 0.8994	 test_acc: 0.7081
Confusion_Matrix
   1136    119     55      0      0      0      0      0      0      0      0      0      0      0      0
    575   5168    114      2      0      0      0      0      0      0      0      1      0      0      0
    161     81    644     35      1      2      0      0      0      0      0      1      0      0      0
      0      4      7   3880    158     27      0      0      0      0      2      7     14      0      0
      0      0      0    121    291    182     10      2      0      0      2      0      0      0      0
      0      0      0     83    191   3310    239    120     18     28     43      8      0      0      0
      0      0      0      1     14    340    328    300     24     42     10      2      0      0      0
      0      0      0      0      4     97     99    324     93     67    115     28     54      4      3
      0      0      0      0      1     13     38    310    361    223    225      2      0      0      0
      0      0      0      2      0      9      4    274   1388   1875    912     60      0      0      0
      0      0      0      4      0     17      0     70    212    639   6370    581     31      4      1
      0      0      0     30      0     13      0      1      1     18    491   1435    212      5      0
      0      0      0      5      0      0      0      4      0      2    115    321   1553     70     50
      0      1      0      5      1      0      0      5      2      0      9     10    291    388    480
      0      1      1      0      2      0      0      0      3      0     15     30    214    654   1537
Class Accuracy
C0: 0.8672
C1: 0.8819
C2: 0.6962
C3: 0.9466
C4: 0.4786
C5: 0.8193
C6: 0.3091
C7: 0.3649
C8: 0.3078
C9: 0.4145
C10: 0.8034
C11: 0.6505
C12: 0.7325
C13: 0.3255
C14: 0.6256
epoch: 29
loss: 0.2668	 train_acc: 0.9040	 test_acc: 0.7247
Confusion_Matrix
    963    283     63      0      0      0      0      0      0      0      0      0      0      0      1
    270   5522     64      3      0      0      0      0      0      0      0      1      0      0      0
     88    157    623     39      1      2      0      0      3      0      0      1      0      0     11
      0      6      9   3825    194     38      1      1      0      0      2      9     14      0      0
      0      0      0     90    278    225     12      1      0      0      2      0      0      0      0
      0      0      0     59    104   3276    366    137     17     39     38      3      1      0      0
      0      0      0      1      9    265    414    278     27     47      9     11      0      0      0
      0      0      0      0      3     85    105    320    115     65    113     19     45      1     17
      0      0      0      0      0     14     25    290    375    247    220      2      0      0      0
      0      0      0      0      0     13      2    256   1085   2240    876     52      0      0      0
      0      0      0      3      0      9      1     62    117    698   6400    543     77      5     14
      0      0      0     26      0     10      0      0      0     26    509   1318    309      3      5
      0      0      0      4      0      0      0      7      0      5     91    219   1644     64     86
      0      1      0      3      1      0      0      6      1      0      8     10    251    392    519
      0      0      0      1      2      0      1      2      0      0     18     19    194    536   1684
Class Accuracy
C0: 0.7351
C1: 0.9423
C2: 0.6735
C3: 0.9332
C4: 0.4572
C5: 0.8109
C6: 0.3902
C7: 0.3604
C8: 0.3197
C9: 0.4951
C10: 0.8072
C11: 0.5975
C12: 0.7755
C13: 0.3289
C14: 0.6854
epoch: 30
loss: 0.2637	 train_acc: 0.9042	 test_acc: 0.7214
Confusion_Matrix
   1009    164    130      0      0      0      0      0      0      0      0      0      0      0      7
    336   5292    225      5      0      1      0      0      0      0      0      1      0      0      0
     77     73    726     38      1      2      0      0      2      0      0      1      0      0      5
      0      4      7   3835    194     29      1      1      0      0      3     14     11      0      0
      0      0      0    101    312    177     13      2      0      0      2      1      0      0      0
      0      0      0     63    199   3029    481    140      6     57     52     12      1      0      0
      0      0      0      2     16    198    368    382     16     55     22      2      0      0      0
      0      0      0      0      3     51     64    328     94    129    132     23     63      1      0
      0      0      0      0      0      8      6    226    273    373    286      1      0      0      0
      0      0      0      1      0      4      0    139    701   2228   1404     47      0      0      0
      0      0      0      0      0      3      0     30     48    519   6791    452     73     11      2
      0      0      0     15      0      1      0      0      0     22    590   1257    315      4      2
      0      0      0      5      0      0      0      1      0      7    116    188   1674     80     49
      0      1      0      3      3      0      0      3      1      0      9      5    268    496    403
      0      2      0      0      4      1      0      0      1      0     19     25    206    677   1522
Class Accuracy
C0: 0.7702
C1: 0.9031
C2: 0.7849
C3: 0.9356
C4: 0.5132
C5: 0.7498
C6: 0.3468
C7: 0.3694
C8: 0.2327
C9: 0.4925
C10: 0.8565
C11: 0.5698
C12: 0.7896
C13: 0.4161
C14: 0.6195
