Confusion_Matrix,the X-axis is predict lable, the Y-axis is the ture lable
epoch: 1
loss: 1.9265	 train_acc: 0.3516	 test_acc: 0.6146
Confusion_Matrix
    334    954      0     22      0      0      0      0      0      0      0      0      0      0      0
    264   5574      0     22      0      0      0      0      0      0      0      0      0      0      0
    311    585      0     29      0      0      0      0      0      0      0      0      0      0      0
      9    363      0   3131      0    547      0      0      0      7      1     41      0      0      0
      0      4      0    253      0    337      0      0      0      7      0      7      0      0      0
      0      1      0    442      0   3032      0      0      0    378    124     63      0      0      0
      0      0      0     30      0    613      0      0      0    376     33      9      0      0      0
      0      0      0      6      0    268      0      0      0    312    181     32     68      5     16
      0      0      0      1      0    163      0      0      0    707    257     45      0      0      0
      0      0      0      4      0    358      0      0      0   2801   1305     54      2      0      0
      0      3      0     16      0    109      0      0      0   1214   5852    604    117      8      6
      0     15      0    109      0    101      0      0      0    137    721    989    112      6     16
      1      5      0      7      0     18      0      0      0     27    629    282    786    199    166
      1      2      0      0      0      1      0      0      0      2     59     17    166    219    725
      2      5      0     38      0     10      0      0      0      4     64     10    111    106   2107
Class Accuracy
C0: 0.2550
C1: 0.9512
C2: 0.0000
C3: 0.7638
C4: 0.0000
C5: 0.7505
C6: 0.0000
C7: 0.0000
C8: 0.0000
C9: 0.6191
C10: 0.7381
C11: 0.4483
C12: 0.3708
C13: 0.1837
C14: 0.8575
epoch: 2
loss: 1.0106	 train_acc: 0.6376	 test_acc: 0.6784
Confusion_Matrix
     18   1078    194     20      0      0      0      0      0      0      0      0      0      0      0
      2   5679     85     94      0      0      0      0      0      0      0      0      0      0      0
      3    417    406     98      0      1      0      0      0      0      0      0      0      0      0
      0     28      0   3661    118    260      6      0      0      6      0     20      0      0      0
      0      1      0    190     69    327     14      0      0      2      0      5      0      0      0
      0      1      0    120     46   3457    191     25      1    168     20     11      0      0      0
      0      0      0      8      4    613    127      8      0    296      4      1      0      0      0
      0      0      0      3      0    241    112      8      0    312    112     27     57     16      0
      0      0      0      0      0     89     66      2      1    806    169     40      0      0      0
      0      0      0      0      0    115    155     28      1   3258    925     40      2      0      0
      0      1      0      7      0     35     11      4      0   1457   5711    643     59      0      1
      0      0      0     39      2     62      0      0      0     59    362   1499    179      4      0
      0      6      0      4      1      9      0      2      0     12    232    371   1283    197      3
      0      0      0      1      0      1      0      0      0      0     16      7    227    658    282
      0     14      0     16      0     30      5      0      0     14     11     15    186    598   1568
Class Accuracy
C0: 0.0137
C1: 0.9691
C2: 0.4389
C3: 0.8931
C4: 0.1135
C5: 0.8557
C6: 0.1197
C7: 0.0090
C8: 0.0009
C9: 0.7202
C10: 0.7203
C11: 0.6795
C12: 0.6052
C13: 0.5520
C14: 0.6382
epoch: 3
loss: 0.8166	 train_acc: 0.6981	 test_acc: 0.6514
Confusion_Matrix
    282    497    530      1      0      0      0      0      0      0      0      0      0      0      0
    147   5251    457      5      0      0      0      0      0      0      0      0      0      0      0
     26    151    711     34      0      1      0      0      0      0      0      1      0      0      1
      0     69      5   3700    210     73     19     12      0      0      0     11      0      0      0
      0      0      0    195    157    215     27      4      0      0      0     10      0      0      0
      0      0      0    200    251   2510    744    148      9    136     20     20      2      0      0
      0      1      0      4      9    451    311    128      4    134     11      8      0      0      0
      0      0      0     23     41    117    178     62     23    230     96     27     64     27      0
      0      0      0      0      1     75    109     51     21    712    152     52      0      0      0
      0      0      0      0      7     13    188    203    114   3088    819     74     18      0      0
      0      0      0      6      0     10     34     75     44   1248   5449    882    178      1      2
      0      4      1     34      3     53     13      0     11     51    203   1524    304      5      0
      0      4      0     12      3      3      1      2      1     10     89    287   1394    284     30
      0      0      0      2      0      0      1      0      0      0      7      5    183    746    248
      0      2      0     20      0      4      9      0      2     15     10     13    144   1134   1104
Class Accuracy
C0: 0.2153
C1: 0.8961
C2: 0.7686
C3: 0.9027
C4: 0.2582
C5: 0.6213
C6: 0.2931
C7: 0.0698
C8: 0.0179
C9: 0.6826
C10: 0.6872
C11: 0.6908
C12: 0.6575
C13: 0.6258
C14: 0.4493
epoch: 4
loss: 0.7003	 train_acc: 0.7383	 test_acc: 0.6753
Confusion_Matrix
    124    428    751      7      0      0      0      0      0      0      0      0      0      0      0
     65   4920    757    118      0      0      0      0      0      0      0      0      0      0      0
      4     97    777     46      0      0      0      0      0      0      0      1      0      0      0
      0     11      5   3591    165    298      3     21      0      1      0      4      0      0      0
      0      0      1    141     75    381      2      5      0      2      1      0      0      0      0
      0      0      0     91     72   3401     93    126     18    148     81      9      1      0      0
      0      0      0      1      7    662     65     73     62    145     44      2      0      0      0
      0      0      0      4      3    211     95     73     50    203    151     23     57     16      2
      0      0      0      0      0    135     30     24     65    664    227     28      0      0      0
      0      0      0      3      4    100     40     82    217   3100    957     21      0      0      0
      0      0      0      3      1     19      5      3     91   1042   6151    531     80      0      3
      0      0      0     22      2    104      0      1      1     30    512   1336    194      3      1
      0      0      0      3      1      6      0     10      0      5    237    311   1404     55     88
      0      0      0      0      2      2      0      0      0      0     19      8    257    265    639
      0      0      2     12      0      1      0      0      0      1     16      5    203    289   1928
Class Accuracy
C0: 0.0947
C1: 0.8396
C2: 0.8400
C3: 0.8761
C4: 0.1234
C5: 0.8418
C6: 0.0613
C7: 0.0822
C8: 0.0554
C9: 0.6852
C10: 0.7758
C11: 0.6056
C12: 0.6623
C13: 0.2223
C14: 0.7847
epoch: 5
loss: 0.6012	 train_acc: 0.7756	 test_acc: 0.6770
Confusion_Matrix
    695    471    143      1      0      0      0      0      0      0      0      0      0      0      0
    247   5424    178     11      0      0      0      0      0      0      0      0      0      0      0
    102    158    635     28      1      0      0      0      0      0      0      1      0      0      0
      0     74      3   3683    194     89      7     13      0      2      0     34      0      0      0
      0      1      0    152    151    279      9     11      0      0      1      4      0      0      0
      0      0      0    136    116   2750    254    426     57    209     55     36      1      0      0
      0      0      0      3     12    379    104    242     98    180     32     11      0      0      0
      0      0      0      0      1     57     47    231     64    250    146     19     73      0      0
      0      0      0      0      0     11     11     67    105    740    205     34      0      0      0
      0      0      0      5      1      9     13    152    213   3016   1064     47      4      0      0
      0      2      0      0      0      2      0     23     80   1081   6055    612     72      0      2
      0      0      0     16      0     17      0      2     17     34    470   1417    232      1      0
      0      2      0      0      0      2      1      2      0     12    253    294   1524     21      9
      0      0      0      0      0      0      1      0      0      0     27     11    478    567    108
      0      1      0      7      0      0      0      0      0      4     25     20    432    980    988
Class Accuracy
C0: 0.5305
C1: 0.9256
C2: 0.6865
C3: 0.8985
C4: 0.2484
C5: 0.6807
C6: 0.0980
C7: 0.2601
C8: 0.0895
C9: 0.6667
C10: 0.7637
C11: 0.6423
C12: 0.7189
C13: 0.4757
C14: 0.4021
epoch: 6
loss: 0.5296	 train_acc: 0.8047	 test_acc: 0.6748
Confusion_Matrix
    930    288     90      2      0      0      0      0      0      0      0      0      0      0      0
    852   4889    105     14      0      0      0      0      0      0      0      0      0      0      0
    284    120    490     29      0      0      0      0      0      0      0      2      0      0      0
      3     36      2   3675    158    138      6      2      2      4     18     55      0      0      0
      0      0      0     92    122    316     31     19      8      7      6      7      0      0      0
      0      0      0    141    114   2737    157    321     41    341    146     41      1      0      0
      0      0      0      4      2    360    117    152     19    318     84      5      0      0      0
      0      1      0      1      0     59     40    100     23    246    317     15     65      0     21
      0      0      0      4      0     14      4     31     35    630    445     10      0      0      0
      0      0      0      1      0      5      7     49     86   2629   1708     35      4      0      0
      0      0      0      1      0      5      0      6     22    673   6539    496    186      0      1
      0      0      0      3      0      1      0      0      0      8    579   1297    316      1      1
      0      3      0      2      0      0      0      0      0      1    150    270   1478     42    174
      0      0      0      1      0      0      0      0      0      0      9      0    244    162    776
      0      0      0     19      0      2      0      0      1      1     11      4    173    189   2057
Class Accuracy
C0: 0.7099
C1: 0.8343
C2: 0.5297
C3: 0.8966
C4: 0.2007
C5: 0.6775
C6: 0.1103
C7: 0.1126
C8: 0.0298
C9: 0.5811
C10: 0.8247
C11: 0.5879
C12: 0.6972
C13: 0.1359
C14: 0.8372
epoch: 7
loss: 0.4687	 train_acc: 0.8263	 test_acc: 0.6765
Confusion_Matrix
    825    229    256      0      0      0      0      0      0      0      0      0      0      0      0
    586   4772    457     38      0      0      0      0      0      0      0      7      0      0      0
     95     69    731     27      1      0      0      0      0      0      0      2      0      0      0
      0     32      7   3831     91     71      0      2      0      0     37     28      0      0      0
      0      0      0    155    102    317     10     10      1      2      3      8      0      0      0
      0      0      0    194    155   3254     44    154     25    111     79     22      2      0      0
      0      0      0     22      8    566     30    213     21    150     36     15      0      0      0
      0      0      0      8      1    145     29    151     40    175    239     28     71      1      0
      0      0      0      4      0     74     16    128     71    487    337     56      0      0      0
      0      0      0      4      3     64      4    152    167   2350   1731     49      0      0      0
      0      0      0      4      0      1      0     98    106    587   6262    805     66      0      0
      0      0      0     20      0     19      1      3      6     10    396   1569    181      1      0
      0      5      0     12      0      2      0      0      1      4    180    434   1412     39     31
      0      0      0      5      0      0      0      0      0      0     18     22    340    400    407
      0      1      7     33      1      2      0      5      2      9     41     24    282    483   1567
Class Accuracy
C0: 0.6298
C1: 0.8143
C2: 0.7903
C3: 0.9346
C4: 0.1678
C5: 0.8054
C6: 0.0283
C7: 0.1700
C8: 0.0605
C9: 0.5195
C10: 0.7898
C11: 0.7112
C12: 0.6660
C13: 0.3356
C14: 0.6378
epoch: 8
loss: 0.4222	 train_acc: 0.8435	 test_acc: 0.6776
Confusion_Matrix
    774    308    227      1      0      0      0      0      0      0      0      0      0      0      0
    436   5071    271     82      0      0      0      0      0      0      0      0      0      0      0
     86    108    689     40      1      0      0      0      0      0      0      1      0      0      0
      0     49      1   3725    160    115      2      0      0      2      8     34      3      0      0
      0      1      0    131    194    255      5      2      4      4      2      8      2      0      0
      0      0      0    139    133   2970    114    208     77    246    133     17      3      0      0
      0      0      0      6     16    401     92    152     53    256     67     15      3      0      0
      0      0      0      6      2     64     58     69     61    233    291     28     56     20      0
      0      0      0      3      0     25     16     25     72    610    373     48      1      0      0
      0      0      0      1      0     21      6     35    208   2389   1814     45      5      0      0
      0      0      0      1      0     11      0      5     28    642   6510    597    133      0      2
      0      0      0     20      0      2      0      0      1      0    544   1331    305      3      0
      0      2      0      8      0      1      0      0      0      3    142    302   1456    129     77
      0      0      0      1      0      0      0      0      0      0     11      9    289    381    501
      1      1      0     13      5     15      0      0      1      4     21      8    189    553   1646
Class Accuracy
C0: 0.5908
C1: 0.8654
C2: 0.7449
C3: 0.9088
C4: 0.3191
C5: 0.7351
C6: 0.0867
C7: 0.0777
C8: 0.0614
C9: 0.5281
C10: 0.8210
C11: 0.6034
C12: 0.6868
C13: 0.3196
C14: 0.6699
epoch: 9
loss: 0.3826	 train_acc: 0.8589	 test_acc: 0.6798
Confusion_Matrix
    886    271    152      1      0      0      0      0      0      0      0      0      0      0      0
    456   5170    227      7      0      0      0      0      0      0      0      0      0      0      0
    126    127    629     40      0      1      0      0      0      0      1      1      0      0      0
      0     31      2   3751    152    109      8      3      0      6     35      2      0      0      0
      0      0      1    143    137    304     11      6      0      3      3      0      0      0      0
      0      1      1    112    108   2869    266    422     25    154     74      5      3      0      0
      0      0      0      3      6    476    161    183     11    173     45      3      0      0      0
      0      0      0      2      2     62     72    233     19    201    228      4     65      0      0
      0      0      0      1      2     45     46     95     57    592    304     31      0      0      0
      0      0      0      8      1     10     77    251    173   2615   1380      9      0      0      0
      0      0      0      1      1      7     11     61     47    818   6534    325    122      0      2
      0      0      0     34      0     30      2      2      3     32    857   1062    179      5      0
      0      4      0      7      1      6      3      0      0      0    270    341   1354    107     27
      0      0      0      2      0      0      1      0      0      0     15     10    318    486    360
      0      1      0     12     11     12      5      1      0      1      4     11    264    622   1513
Class Accuracy
C0: 0.6763
C1: 0.8823
C2: 0.6800
C3: 0.9151
C4: 0.2253
C5: 0.7101
C6: 0.1517
C7: 0.2624
C8: 0.0486
C9: 0.5780
C10: 0.8241
C11: 0.4814
C12: 0.6387
C13: 0.4077
C14: 0.6158
epoch: 10
loss: 0.3473	 train_acc: 0.8717	 test_acc: 0.6770
Confusion_Matrix
    546    404    360      0      0      0      0      0      0      0      0      0      0      0      0
    170   5333    357      0      0      0      0      0      0      0      0      0      0      0      0
     32    126    745     21      0      0      0      0      0      0      0      1      0      0      0
      1     44     36   3779    135     46      4      5      0      2     42      2      3      0      0
      0      0      1    205    185    192     10      8      0      2      1      2      2      0      0
      0      0      1    191    223   2831    247    206     66     95    139     16     25      0      0
      0      0      0     12     22    427    206    147    120     85     39      1      2      0      0
      0      0      0     10      5     80    103    150     96    114    248      7     58     17      0
      0      0      0      6      6     50     48    123    115    438    359     28      0      0      0
      0      0      0      7      0     11     43    364    382   2252   1402     52     11      0      0
      0      2      1      0      0     14      2     92     95    604   6656    349    112      0      2
      0      0      7     18      2      4      1      5      9     38    825   1064    232      1      0
      0      5      0      8      0      1      0      0      0      3    227    261   1454     88     73
      0      0      0      2      0      0      0      0      0      0     10      0    325    375    480
      0      0      1     10     10      3      2      0      0      3     28      2    206    536   1656
Class Accuracy
C0: 0.4168
C1: 0.9101
C2: 0.8054
C3: 0.9219
C4: 0.3043
C5: 0.7007
C6: 0.1942
C7: 0.1689
C8: 0.0980
C9: 0.4978
C10: 0.8395
C11: 0.4823
C12: 0.6858
C13: 0.3146
C14: 0.6740
epoch: 11
loss: 0.3164	 train_acc: 0.8830	 test_acc: 0.6742
Confusion_Matrix
    711    442    157      0      0      0      0      0      0      0      0      0      0      0      0
    219   5464    156     21      0      0      0      0      0      0      0      0      0      0      0
     49    216    626     30      0      1      0      0      0      0      0      3      0      0      0
      0     42      0   3507    121    348     20      1      0      2     24     33      1      0      0
      0      0      0     54     62    416     59      1      2      3      6      4      1      0      0
      0      0      0     32     66   2839    474    112     84    245    183      2      3      0      0
      0      0      0      2      1    401    190     79     88    232     63      5      0      0      0
      0      0      0      2      1     86     88     38    101    233    269      8     40     11     11
      0      0      0      2      0     29     37     27     92    564    383     39      0      0      0
      0      0      0     11      0     36     71     67    279   2476   1568     15      1      0      0
      0      1      0      3      0      3     19      9     55    753   6487    477    119      0      3
      0      0      0     19      0      4      6      0      1     48    678   1201    241      0      8
      0      2      1      1      0      0      0      0      0     11    277    381   1185    124    138
      0      0      0      0      0      0      1      0      0      1     18     21    201    313    637
      0      1      0      3      2     19      1      0      2      0     22     14    100    252   2041
Class Accuracy
C0: 0.5427
C1: 0.9324
C2: 0.6768
C3: 0.8556
C4: 0.1020
C5: 0.7027
C6: 0.1791
C7: 0.0428
C8: 0.0784
C9: 0.5473
C10: 0.8181
C11: 0.5444
C12: 0.5590
C13: 0.2626
C14: 0.8307
epoch: 12
loss: 0.2905	 train_acc: 0.8931	 test_acc: 0.6739
Confusion_Matrix
    999    236     75      0      0      0      0      0      0      0      0      0      0      0      0
    634   5043    152     31      0      0      0      0      0      0      0      0      0      0      0
    224    127    543     28      0      3      0      0      0      0      0      0      0      0      0
      1     70      2   3791    124     71      5      8      0      4      4     16      3      0      0
      0      0      0    164    193    200     26     18      0      1      3      2      1      0      0
      0      0      0    148    162   2816    295    272     29     91    187     30     10      0      0
      0      0      0      3     12    392    146    214     47    149     88      9      1      0      0
      0      0      0      6      3     68     97    169     39     99    305     17     63     19      3
      0      0      0      3      0     36     16     95     44    398    549     32      0      0      0
      0      0      0      4      0     36     23    173    283   1926   2038     33      8      0      0
      0      1      0      3      0      4      3     13     63    499   6662    515    164      0      2
      0      0      0     26      0      8      0      0      0      3    662   1159    345      3      0
      0      2      0      6      0      1      0      0      0      0    183    259   1460    112     97
      0      0      0      1      0      0      0      0      0      0      9      4    265    351    562
      0      0      0      7      2     15      1      0      0      1     25      2    201    284   1919
Class Accuracy
C0: 0.7626
C1: 0.8606
C2: 0.5870
C3: 0.9249
C4: 0.3174
C5: 0.6970
C6: 0.1376
C7: 0.1903
C8: 0.0375
C9: 0.4257
C10: 0.8402
C11: 0.5254
C12: 0.6887
C13: 0.2945
C14: 0.7810
epoch: 13
loss: 0.2655	 train_acc: 0.9021	 test_acc: 0.6679
Confusion_Matrix
    759    308    243      0      0      0      0      0      0      0      0      0      0      0      0
    398   5046    378     29      0      0      0      0      0      0      5      4      0      0      0
     61     77    759     25      0      0      0      0      0      0      0      3      0      0      0
      3     31     15   3713    178     82     16     12      0      1     16     29      3      0      0
      0      0      0    107    258    160     66      9      1      2      1      4      0      0      0
      0      0      0     96    183   2622    578    310     74     56     83     24     14      0      0
      0      0      0      3     17    311    284    211     36    154     42      2      1      0      0
      0      0      0      3      2     55    129    267     75    110    144     29     52     22      0
      0      0      0      2      0     24     55    220    110    377    339     46      0      0      0
      0      0      0      4      0     13    106    288    409   2054   1622     18     10      0      0
      0      0      0      6      0     32     28     54    204    515   6282    603    200      3      2
      0      0      0     26      0     21      1      1      3     30    478   1301    333     12      0
      0      0      0      3      0      2      5      2      1      6    177    309   1251    277     87
      0      0      0      0      0      0      0      0      0      0     14     21    211    427    519
      0      2      0      3      2     35      3      1      0      0      3      6     99    460   1843
Class Accuracy
C0: 0.5794
C1: 0.8611
C2: 0.8205
C3: 0.9058
C4: 0.4243
C5: 0.6490
C6: 0.2677
C7: 0.3007
C8: 0.0938
C9: 0.4540
C10: 0.7923
C11: 0.5898
C12: 0.5901
C13: 0.3582
C14: 0.7501
epoch: 14
loss: 0.2441	 train_acc: 0.9093	 test_acc: 0.6629
Confusion_Matrix
    772    255    282      1      0      0      0      0      0      0      0      0      0      0      0
    393   5011    434     22      0      0      0      0      0      0      0      0      0      0      0
     29     98    773     24      1      0      0      0      0      0      0      0      0      0      0
      0     32      8   3733    269     38      6      1      0      1      7      4      0      0      0
      0      0      0    129    328    124     16      2      1      1      2      5      0      0      0
      0      0      0    168    410   2435    618    186     58     51     97     16      1      0      0
      0      0      0     12     49    366    269    156     59    119     25      6      0      0      0
      0      0      0      8      8     98    159    178     60    113    152     40     55     17      0
      0      0      0      3      4     76     93    128    165    340    288     76      0      0      0
      0      0      0      3      1     55    152    305    392   2252   1302     53      9      0      0
      0      3      0      1      0     70     60     70    140    674   5932    830    145      2      2
      0      0      0     24     11     16      7      1      6      5    432   1450    237     16      1
      0      6      0      0      0      0     17      0      1      0    124    416   1324    158     74
      0      0      0      0      0      0      0      0      0      0      9     12    243    426    502
      0      0      0     18     15     12      3      0      4      1      0      3    150    524   1727
Class Accuracy
C0: 0.5893
C1: 0.8551
C2: 0.8357
C3: 0.9107
C4: 0.5395
C5: 0.6027
C6: 0.2535
C7: 0.2005
C8: 0.1407
C9: 0.4978
C10: 0.7481
C11: 0.6573
C12: 0.6245
C13: 0.3574
C14: 0.7029
epoch: 15
loss: 0.2201	 train_acc: 0.9185	 test_acc: 0.6837
Confusion_Matrix
    931    229    150      0      0      0      0      0      0      0      0      0      0      0      0
    562   5032    263      3      0      0      0      0      0      0      0      0      0      0      0
    112    108    665     40      0      0      0      0      0      0      0      0      0      0      0
      0     43      7   3769    147     83     10      0      0      0     24     16      0      0      0
      0      0      0    162    178    224     35      1      1      1      1      2      3      0      0
      0      0      0    153    144   2821    439    216     34    112    102      9     10      0      0
      0      0      0      9     13    448    244    131     50    130     28      7      1      0      0
      0      0      0      7      6     77     90    207     84    152    154     40     49      0     22
      0      0      0      3      0     29     35    111    126    532    291     45      1      0      0
      0      0      0     11      0     20     44    228    294   2743   1146     36      2      0      0
      0      0      1      4      0     12     13     53    154    972   5943    680     95      0      2
      0      0      1     28      1      5      3      1     11     18    465   1486    181      2      4
      0      0      0      1      1      0      0      2      1      1    179    397   1250    127    161
      0      0      0      1      0      0      1      0      0      1     14     14    199    284    678
      0      0      0      5     15      2      0      1      1      2      7      4    126    357   1937
Class Accuracy
C0: 0.7107
C1: 0.8587
C2: 0.7189
C3: 0.9195
C4: 0.2928
C5: 0.6983
C6: 0.2300
C7: 0.2331
C8: 0.1074
C9: 0.6063
C10: 0.7495
C11: 0.6736
C12: 0.5896
C13: 0.2383
C14: 0.7884
epoch: 16
loss: 0.2027	 train_acc: 0.9252	 test_acc: 0.6834
Confusion_Matrix
    858    309    142      1      0      0      0      0      0      0      0      0      0      0      0
    414   5220    193     33      0      0      0      0      0      0      0      0      0      0      0
    100    150    641     34      0      0      0      0      0      0      0      0      0      0      0
      1     50      2   3709    201     83      4      1      1      1     45      1      0      0      0
      0      1      0    154    223    215      8      4      0      0      3      0      0      0      0
      0      0      0    140    163   2955    277    205     85     48    153     10      4      0      0
      0      0      0     18     13    512     97    105    109    171     30      6      0      0      0
      0      0      0     14      4    105     57    155    132    162    176     16     45     12     10
      0      0      0      2      1     51     17     91    221    442    324     24      0      0      0
      0      0      0      4      0     30     43    154    566   2469   1251      5      2      0      0
      0      1      0      0      0     12      0     26    186    708   6477    467     50      0      2
      0      0      0     16      4      8      1      4      5     26    784   1170    186      2      0
      0      8      0      4      1      0      0      0      1      9    266    326   1322    116     67
      0      0      0      0      0      0      0      0      0      0     19      8    298    386    481
      0      0      0      5     22     14      0      0      0      9     13     11    220    461   1702
Class Accuracy
C0: 0.6550
C1: 0.8908
C2: 0.6930
C3: 0.9049
C4: 0.3668
C5: 0.7314
C6: 0.0914
C7: 0.1745
C8: 0.1884
C9: 0.5458
C10: 0.8169
C11: 0.5304
C12: 0.6236
C13: 0.3238
C14: 0.6927
epoch: 17
loss: 0.1831	 train_acc: 0.9325	 test_acc: 0.6780
Confusion_Matrix
    707    371    232      0      0      0      0      0      0      0      0      0      0      0      0
    274   5283    299      4      0      0      0      0      0      0      0      0      0      0      0
     50    120    727     27      0      0      0      0      0      0      0      1      0      0      0
      0     52      3   3630    184    165     12      1      0      1     12     27     12      0      0
      0      1      1    100    171    304     13      5      1      4      1      6      1      0      0
      0      0      0     66     76   2871    318    357     44    161    104     17     26      0      0
      0      0      0      3      0    445    103    149     94    200     56      8      3      0      0
      0      0      0      5      1     79     68    221     69    161    212      0     57     15      0
      0      0      0      2      2     47     30     73    101    537    332     49      0      0      0
      0      0      0      6      1     42     53    111    236   2561   1499      9      6      0      0
      0      2      0      0      0      8     19     36    106    776   6394    432    154      0      2
      0      0      0     20      1     15      2      4      4     20    716   1140    283      1      0
      0      8      0      2      0      3      2      0      0      3    245    344   1350    125     38
      0      0      0      0      0      0      0      0      0      0     19     14    323    321    515
      0      1      0      4      4     29      0      0      0      4      6      3    240    359   1807
Class Accuracy
C0: 0.5397
C1: 0.9015
C2: 0.7859
C3: 0.8856
C4: 0.2812
C5: 0.7106
C6: 0.0971
C7: 0.2489
C8: 0.0861
C9: 0.5661
C10: 0.8064
C11: 0.5168
C12: 0.6368
C13: 0.2693
C14: 0.7354
epoch: 18
loss: 0.1686	 train_acc: 0.9380	 test_acc: 0.6646
Confusion_Matrix
    777    408    125      0      0      0      0      0      0      0      0      0      0      0      0
    258   5358    178     62      0      0      0      0      0      0      0      4      0      0      0
     79    215    602     28      0      0      0      0      0      0      0      1      0      0      0
      1     43      3   3839     65     80      9      2      0      0     12     43      2      0      0
      0      1      0    170    153    223     40      7      0      4      1      6      3      0      0
      0      0      0    123     61   2494    623    421     46     68    111     82     11      0      0
      0      0      0      8      2    376    194    175     64    188     38     15      1      0      0
      0      0      0      3      3     75     78    229    101    117    200      3     59      7     13
      0      0      0      5      0     57     25    183     80    350    425     48      0      0      0
      0      0      0     18      0     24     92    245    330   2001   1756     31     27      0      0
      0      4      0      0      0     39      5     54    155    483   6157    713    318      0      1
      0      1      0     24      0      8      9      2      0      5    419   1392    331      9      6
      0      5      0      1      0      0      0      0      1      0    103    267   1493    176     74
      0      0      0      0      0      0      0      0      0      0      5      2    266    475    444
      0      1      0      4      4     39      3      1      3      0      0      0    167    634   1601
Class Accuracy
C0: 0.5931
C1: 0.9143
C2: 0.6508
C3: 0.9366
C4: 0.2516
C5: 0.6173
C6: 0.1828
C7: 0.2579
C8: 0.0682
C9: 0.4423
C10: 0.7765
C11: 0.6310
C12: 0.7042
C13: 0.3985
C14: 0.6516
epoch: 19
loss: 0.1526	 train_acc: 0.9440	 test_acc: 0.6795
Confusion_Matrix
    783    409    118      0      0      0      0      0      0      0      0      0      0      0      0
    294   5333    190     43      0      0      0      0      0      0      0      0      0      0      0
    136    158    599     32      0      0      0      0      0      0      0      0      0      0      0
      0     46      1   3817     95     82     14      0      0      0      0     35      9      0      0
      0      0      0    135    195    245     19      3      1      1      1      4      4      0      0
      0      0      0    176    147   2598    731    148     25     80     75     27     33      0      0
      0      0      0     27     14    355    279    101     92    132     36     22      3      0      0
      0      0      0      6      1     79    128    153     74    168    165     16     75      2     21
      0      0      0     12      2     65     62    162     98    415    290     64      2      1      0
      0      0      0     26      0     39     70    189    286   2618   1254     32      9      1      0
      1      7      0      3      4     32     34     66    110    773   6095    615    185      2      2
      0      0      0     48      1     13      9      3      5     13    451   1273    381      7      2
      0      2      0      5      2      0      2      1      1      0    126    260   1494    167     60
      0      0      0      1      1      0      0      0      0      0      9      8    289    332    552
      0      0      0      1      5      5      1      0      0      1      2      0    193    468   1781
Class Accuracy
C0: 0.5977
C1: 0.9101
C2: 0.6476
C3: 0.9312
C4: 0.3207
C5: 0.6431
C6: 0.2630
C7: 0.1723
C8: 0.0835
C9: 0.5787
C10: 0.7687
C11: 0.5771
C12: 0.7047
C13: 0.2785
C14: 0.7249
epoch: 20
loss: 0.1367	 train_acc: 0.9498	 test_acc: 0.6739
Confusion_Matrix
    906    268    136      0      0      0      0      0      0      0      0      0      0      0      0
    489   5130    203     38      0      0      0      0      0      0      0      0      0      0      0
     96    116    683     29      0      1      0      0      0      0      0      0      0      0      0
      0     39      9   3746    142     85      6      0      0      0     31     23     18      0      0
      0      0      1    172    208    178     29      3      0      3      1     11      2      0      0
      0      0      1    224    152   2523    638    148     35    116    134     61      8      0      0
      0      0      0     23      8    418    245     64     64    183     38     17      1      0      0
      0      0      0     56      2     87    113    103    119    152    168      9     60     14      5
      0      0      0      5      2     70     25     82    125    536    287     38      2      1      0
      0      0      0     10      0     34     55    137    412   2455   1357     43     21      0      0
      0      0      0      1      0      2      4     46    155    633   6119    681    286      0      2
      0      0      0     22      1      2      1      0      0      9    423   1244    500      4      0
      0      4      0      2      0      0      0      0      1      0    104    229   1650     86     44
      0      0      0      0      0      0      0      0      0      0      4      2    339    391    456
      0      1      0      1      5     31      1      0      2      0      6      2    254    463   1691
Class Accuracy
C0: 0.6916
C1: 0.8754
C2: 0.7384
C3: 0.9139
C4: 0.3421
C5: 0.6245
C6: 0.2309
C7: 0.1160
C8: 0.1066
C9: 0.5427
C10: 0.7717
C11: 0.5639
C12: 0.7783
C13: 0.3280
C14: 0.6882
epoch: 21
loss: 0.1255	 train_acc: 0.9532	 test_acc: 0.6786
Confusion_Matrix
    736    397    175      2      0      0      0      0      0      0      0      0      0      0      0
    255   5325    207     72      0      0      0      0      0      0      0      1      0      0      0
     68    177    638     39      0      1      0      0      0      0      0      2      0      0      0
      0     44      2   3809     71     95     17      0      2      0     31     11     17      0      0
      0      0      0    181    153    242     13      8      1      0      3      4      3      0      0
      0      0      0    151     80   2824    366    297     31     82    147     49     13      0      0
      0      0      0     13      3    485    156     94     65    181     56      8      0      0      0
      0      0      0      5      1    111     93    217    101     88    183     12     58      0     19
      0      0      0      6      0     82     31    162     87    383    340     81      0      1      0
      0      0      0      1      0     40     32    245    358   2102   1674     44     28      0      0
      0      0      0      0      0     13      6     60    130    404   6358    724    232      0      2
      0      0      0     22      0     15      4      4      1      5    415   1320    418      2      0
      0      1      0      7      0      0      0      1      1      0    140    259   1538    115     58
      0      0      0      0      0      0      0      0      0      0      8      4    344    401    435
      0      0      0      0      6     10      1      0      0      1      6      1    258    427   1747
Class Accuracy
C0: 0.5618
C1: 0.9087
C2: 0.6897
C3: 0.9293
C4: 0.2516
C5: 0.6990
C6: 0.1470
C7: 0.2444
C8: 0.0742
C9: 0.4646
C10: 0.8019
C11: 0.5984
C12: 0.7255
C13: 0.3364
C14: 0.7110
epoch: 22
loss: 0.1142	 train_acc: 0.9574	 test_acc: 0.6735
Confusion_Matrix
    858    314    138      0      0      0      0      0      0      0      0      0      0      0      0
    341   5178    255     86      0      0      0      0      0      0      0      0      0      0      0
     81    119    694     30      0      1      0      0      0      0      0      0      0      0      0
      0     19      3   3706    181    112     18      5      2      2     28     12     11      0      0
      0      0      0    128    222    216     31      2      1      3      1      1      3      0      0
      0      0      0    109    270   2576    609    221     19     85    139      6      6      0      0
      0      0      0     11     15    449    228     94     37    185     35      7      0      0      0
      0      0      0      8      3     80    109    221     63    145    180      8     49      0     22
      0      0      0      4      7     84     56    181     67    421    301     51      0      1      0
      0      0      0      2      1     39     78    234    290   2590   1261     19     10      0      0
      0      2      0      2      3     65      5     44    140    836   6223    498    110      0      1
      0      0      0     23      7     19      6      1      7     21    692   1162    261      6      1
      0      0      0     14      2      2      1      0      2      1    230    258   1355    160     95
      0      0      0      1      0      0      0      0      0      0     12     10    269    338    562
      0      1      0      6      7     33      2      0      0      2      3      5    171    443   1784
Class Accuracy
C0: 0.6550
C1: 0.8836
C2: 0.7503
C3: 0.9041
C4: 0.3651
C5: 0.6376
C6: 0.2149
C7: 0.2489
C8: 0.0571
C9: 0.5725
C10: 0.7848
C11: 0.5267
C12: 0.6392
C13: 0.2836
C14: 0.7261
epoch: 23
loss: 0.1059	 train_acc: 0.9603	 test_acc: 0.6764
Confusion_Matrix
    807    286    217      0      0      0      0      0      0      0      0      0      0      0      0
    324   5172    335     26      0      0      0      0      0      0      0      3      0      0      0
     57     98    738     30      2      0      0      0      0      0      0      0      0      0      0
      0     27     13   3745    167     76     11      1      0      0     16     26     17      0      0
      0      0      0    157    229    185     20      3      1      2      0      7      4      0      0
      0      0      1    103    183   2636    611    309     29     63     86      9     10      0      0
      0      0      0     12     17    396    230    138     56    183     16     13      0      0      0
      0      0      0     25      3     84     96    249     97    108    145      8     51      4     18
      0      0      0      4      2     63     39    239    126    400    232     67      0      1      0
      0      0      0     12      1     61     50    402    382   2320   1253     35      8      0      0
      0      0      0      4      1     19     10     68    170    717   6247    594     95      2      2
      0      0      1     31      2     23      1      2      3     12    536   1338    244      4      9
      0      2      0     15      1      1      1      2      1      0    199    297   1362    189     50
      0      0      0      2      0      0      0      0      0      0     10      8    261    421    490
      0      1      2     13      4     30      1      0      0      2      2      5    185    511   1701
Class Accuracy
C0: 0.6160
C1: 0.8826
C2: 0.7978
C3: 0.9136
C4: 0.3766
C5: 0.6525
C6: 0.2168
C7: 0.2804
C8: 0.1074
C9: 0.5128
C10: 0.7879
C11: 0.6065
C12: 0.6425
C13: 0.3532
C14: 0.6923
epoch: 24
loss: 0.0961	 train_acc: 0.9644	 test_acc: 0.6762
Confusion_Matrix
    806    314    190      0      0      0      0      0      0      0      0      0      0      0      0
    340   5190    319     11      0      0      0      0      0      0      0      0      0      0      0
     53    116    736     18      0      1      0      0      0      0      0      1      0      0      0
      0     36     18   3731    155     89      4      2      0      1     28      7     28      0      0
      0      1      1    142    251    184     12      4      0      2      1      7      3      0      0
      0      0      1    152    344   2768    330    189     37     67    119     18     15      0      0
      0      0      0     11     24    499    121    143     58    172     20     13      0      0      0
      0      0      0     16      6    120     69    168    108    143    177      9     50      2     20
      0      0      0      4      1     66     43    222    133    368    286     49      0      1      0
      0      0      0      8      0    123     43    288    423   2269   1319     45      5      1      0
      0      3      0      1      1     18     15     74    186    599   6404    546     80      0      2
      0      0      3     26     13     20      2      0      4      4    631   1257    238      8      0
      0      4      0     10      2      1      0      0      3      0    260    313   1246    234     47
      0      0      0      0      0      0      0      0      0      0     18     10    198    459    507
      0      2      0      9     13     36      3      0      0      0      7      3    143    468   1773
Class Accuracy
C0: 0.6153
C1: 0.8857
C2: 0.7957
C3: 0.9102
C4: 0.4128
C5: 0.6851
C6: 0.1140
C7: 0.1892
C8: 0.1134
C9: 0.5015
C10: 0.8077
C11: 0.5698
C12: 0.5877
C13: 0.3851
C14: 0.7216
epoch: 25
loss: 0.0865	 train_acc: 0.9676	 test_acc: 0.6843
Confusion_Matrix
    865    316    129      0      0      0      0      0      0      0      0      0      0      0      0
    287   5323    212     38      0      0      0      0      0      0      0      0      0      0      0
     81    170    640     32      0      0      0      0      0      0      0      2      0      0      0
      0     37      1   3753    149     90      3      1      1      0     26     17     21      0      0
      0      1      0    166    218    200      5      6      0      0      1      9      2      0      0
      0      0      0    132    216   2963    268    203     31     83    114      7     23      0      0
      0      0      0     16     26    483    106    151     77    156     32     13      1      0      0
      0      0      0     21      6    121     44    172    117    147    179      7     52      2     20
      0      0      0      6      0     51     20    221    105    385    331     52      1      1      0
      0      0      0      4      2     69     19    286    322   2328   1446     30     17      1      0
      0      0      0      4      1     17      7     30    159    545   6509    438    217      0      2
      0      0      1     25     13     20      0      6      1      8    702   1050    375      2      3
      0      6      0      3      5      0      0      0      0      0    165    233   1489    174     45
      0      0      0      0      0      0      0      0      0      0      7      5    270    401    509
      0      1      0      4      3     32      1      0      0      1      1      3    174    520   1717
Class Accuracy
C0: 0.6603
C1: 0.9084
C2: 0.6919
C3: 0.9156
C4: 0.3586
C5: 0.7334
C6: 0.0999
C7: 0.1937
C8: 0.0895
C9: 0.5146
C10: 0.8209
C11: 0.4760
C12: 0.7024
C13: 0.3364
C14: 0.6988
epoch: 26
loss: 0.0802	 train_acc: 0.9699	 test_acc: 0.6717
Confusion_Matrix
    890    290    130      0      0      0      0      0      0      0      0      0      0      0      0
    434   5132    272     21      0      0      0      0      0      0      0      1      0      0      0
    131    110    659     23      1      0      0      0      0      0      0      1      0      0      0
      0     54     10   3662    214     78     11      5      0      0     47      8     10      0      0
      0      1      0    141    240    188     21      6      1      1      2      6      1      0      0
      0      0      0    167    235   2555    587    282     22     72     73     18     29      0      0
      0      0      0     13     26    354    269    164     39    151     36      9      0      0      0
      0      0      0     15      7     77    107    150    118    171    166      5     51      3     18
      0      0      0      7      5     30     74    235     72    450    246     53      0      1      0
      0      0      0     12      0     29     77    299    367   2492   1203     26     17      2      0
      0      3      0      0      0     10     27     93    154    771   6275    444    151      0      1
      0      0      0     26      1     16      0      8      5      2    694   1134    309     11      0
      0      0      0      5      1      0      6      0      1      0    162    268   1458    168     51
      0      0      0      0      0      0      0      0      0      0     12      5    282    436    457
      0      0      0      1      6     29      4      0      0      1      1      1    198    508   1708
Class Accuracy
C0: 0.6794
C1: 0.8758
C2: 0.7124
C3: 0.8934
C4: 0.3947
C5: 0.6324
C6: 0.2535
C7: 0.1689
C8: 0.0614
C9: 0.5508
C10: 0.7914
C11: 0.5141
C12: 0.6877
C13: 0.3658
C14: 0.6952
epoch: 27
loss: 0.0738	 train_acc: 0.9722	 test_acc: 0.6758
Confusion_Matrix
    845    250    215      0      0      0      0      0      0      0      0      0      0      0      0
    362   5083    389     19      0      7      0      0      0      0      0      0      0      0      0
     49     93    757     24      1      1      0      0      0      0      0      0      0      0      0
      1     46     13   3694    166     90     18      2      2      0     16     27     24      0      0
      0      0      0    128    228    203     27      4      1      0      0     13      4      0      0
      0      0      0     87    222   2619    624    200     46    111     85     22     24      0      0
      0      0      0      8      9    388    239    104     91    181     30      9      2      0      0
      0      0      0      3      2     99    110    109    146    162    165     13     58      0     21
      0      0      0      3      0     45     48    199    136    401    273     64      4      0      0
      0      0      0      0      0     50     55    226    379   2359   1394     33     26      2      0
      0      0      0      0      0      8     20     56    185    511   6297    613    237      0      2
      0      0      1     12      2     12      2      0      3      5    488   1251    427      3      0
      0      1      0      1      4      0      7      2      2      1    124    267   1551    120     40
      0      0      0      0      0      0      0      0      0      0      7      5    308    386    486
      0      1      0      1      8     29      4      0      1      0      0      1    210    460   1742
Class Accuracy
C0: 0.6450
C1: 0.8674
C2: 0.8184
C3: 0.9012
C4: 0.3750
C5: 0.6483
C6: 0.2253
C7: 0.1227
C8: 0.1159
C9: 0.5214
C10: 0.7942
C11: 0.5671
C12: 0.7316
C13: 0.3238
C14: 0.7090
epoch: 28
loss: 0.0703	 train_acc: 0.9737	 test_acc: 0.6660
Confusion_Matrix
    843    286    181      0      0      0      0      0      0      0      0      0      0      0      0
    361   5099    393      6      0      0      0      0      0      0      0      1      0      0      0
     68    116    718     22      1      0      0      0      0      0      0      0      0      0      0
      0     45     27   3686    195     74      9      4      0      1     21      9     28      0      0
      0      0      0    143    241    184     25      5      1      0      1      5      3      0      0
      0      0      0    106    279   2489    568    351     38     33    112     32     32      0      0
      0      0      0      8     18    357    222    188     64    153     37     11      3      0      0
      0      0      0     12      3     80     89    249     92    103    175     10     53      1     21
      0      0      0      6      6     30     72    275    118    342    262     61      0      1      0
      0      0      0      2      0     32     50    471    391   2046   1472     39     20      1      0
      0      3      0      3      0     18     12     77    155    579   6238    661    181      0      2
      0      0      1     26      1     14      3      2      6      3    504   1310    331      2      3
      0      0      0      4      5      0      7      0      0      0    120    299   1501    123     61
      0      0      0      1      0      0      0      0      0      0      7      7    308    305    564
      0      1      0      2     21     10      4      0      1      0      3      0    209    368   1838
Class Accuracy
C0: 0.6435
C1: 0.8701
C2: 0.7762
C3: 0.8992
C4: 0.3964
C5: 0.6161
C6: 0.2092
C7: 0.2804
C8: 0.1006
C9: 0.4523
C10: 0.7867
C11: 0.5938
C12: 0.7080
C13: 0.2559
C14: 0.7481
epoch: 29
loss: 0.0656	 train_acc: 0.9752	 test_acc: 0.6818
Confusion_Matrix
    855    331    124      0      0      0      0      0      0      0      0      0      0      0      0
    373   5224    254      9      0      0      0      0      0      0      0      0      0      0      0
    100    132    671     21      0      1      0      0      0      0      0      0      0      0      0
      0     56     28   3691    165     91     10      3      0      1     15     23     16      0      0
      0      1      1    141    243    174     32      5      0      1      0      6      4      0      0
      0      0      0    133    215   2780    390    215     30    127     86     40     24      0      0
      0      0      0     16     14    423    151    125     55    226     38     11      2      0      0
      0      0      0      8      5    136     67    133    113    167    171     14     51      0     23
      0      0      0      6      2     59     29    194    112    423    291     56      1      0      0
      0      0      0      6      0     72     27    281    302   2449   1332     42     13      0      0
      0      2      0      3      1     25      8     68    138    609   6253    605    214      1      2
      0      1      2     28      3     15      1      1      2      5    504   1281    348      4     11
      0      3      0      8      3      0      3      1      1      1    131    292   1440    160     77
      0      0      0      1      0      0      0      0      0      0      5      6    262    385    533
      0      2      0      1      2     29      4      0      0      1      2      2    164    380   1870
Class Accuracy
C0: 0.6527
C1: 0.8915
C2: 0.7254
C3: 0.9005
C4: 0.3997
C5: 0.6881
C6: 0.1423
C7: 0.1498
C8: 0.0955
C9: 0.5413
C10: 0.7886
C11: 0.5807
C12: 0.6792
C13: 0.3230
C14: 0.7611
epoch: 30
loss: 0.0643	 train_acc: 0.9756	 test_acc: 0.6777
Confusion_Matrix
    883    277    150      0      0      0      0      0      0      0      0      0      0      0      0
    401   5082    370      7      0      0      0      0      0      0      0      0      0      0      0
    115     89    696     24      0      0      0      0      0      0      0      1      0      0      0
      0     32     25   3733    166     72     10      1      0      1     15     10     34      0      0
      0      1      0    140    258    169     22      4      1      1      1      7      4      0      0
      0      0      1    147    289   2710    534    125     22     99     79     16     18      0      0
      0      0      0     24     28    421    192     69     75    202     34     13      2      1      0
      0      0      0     29     11    102     96     97    107    178    181     14     51      0     22
      0      0      0      2      2     46     47    184    102    465    249     75      0      1      0
      0      0      0      3      0     53     71    214    355   2564   1199     51     12      2      0
      0      1      0      3      1     24     16     45    122    732   6179    611    191      1      3
      0      0      1     22      2     14      0      4      4     19    523   1276    333      5      3
      0      0      0      5      9      0      0      0      0      0    133    269   1433    214     57
      0      0      0      0      0      0      1      0      0      0      8      9    252    486    436
      0      0      0      5      9     14      1      0      0      1      3      4    171    568   1681
Class Accuracy
C0: 0.6740
C1: 0.8672
C2: 0.7524
C3: 0.9107
C4: 0.4243
C5: 0.6708
C6: 0.1810
C7: 0.1092
C8: 0.0870
C9: 0.5668
C10: 0.7793
C11: 0.5784
C12: 0.6759
C13: 0.4077
C14: 0.6842
